101 147
1 97
2 97
2 99
3 101
4 97
4 98
5 97
5 101
6 100
6 101
8 97
8 100
9 97
9 99
9 101
11 99
11 100
11 101
12 100
13 97
13 99
13 101
14 99
14 100
16 97
16 99
17 97
17 99
18 97
18 98
19 97
19 99
19 100
19 101
20 99
22 97
22 98
22 101
23 100
24 97
24 98
24 100
25 99
26 97
28 97
28 98
28 100
29 97
29 98
29 100
30 100
30 101
31 99
31 101
32 97
32 100
33 98
33 99
33 100
34 98
34 100
35 98
35 99
35 101
36 98
37 100
37 101
38 97
38 101
39 98
39 100
40 99
41 98
41 100
43 98
44 99
45 99
46 97
46 101
47 99
47 100
47 101
48 100
48 101
49 101
50 98
50 99
50 100
50 101
51 100
51 101
52 98
53 99
54 99
54 100
54 101
56 97
56 100
57 101
58 100
58 101
60 100
61 98
62 97
64 97
64 100
65 99
66 97
66 100
67 99
68 101
69 97
69 98
70 101
71 100
72 98
74 98
74 99
75 98
76 98
76 100
76 101
78 97
79 98
79 99
79 101
80 98
81 98
82 99
83 97
85 97
85 98
85 100
86 98
86 100
86 101
87 98
87 100
87 101
88 98
88 101
90 101
91 100
94 97
95 98
95 101
96 98
