96 282
1 85
1 88
1 92
1 93
1 96
2 91
2 93
2 96
3 94
3 96
4 86
4 89
4 94
5 85
5 88
5 93
5 95
6 86
6 89
6 92
6 93
7 85
7 88
7 91
7 92
7 96
8 85
8 87
8 93
9 85
9 87
9 91
10 85
10 86
10 90
10 92
10 95
10 96
11 89
11 90
11 91
12 86
12 89
12 94
13 87
13 93
14 88
14 90
14 91
14 96
15 87
15 90
15 95
16 86
16 87
16 89
17 94
17 95
17 96
18 87
18 94
19 94
19 95
19 96
20 88
20 96
21 85
21 92
22 85
22 86
22 94
23 85
23 86
23 91
23 92
23 93
23 94
23 96
24 87
24 88
24 91
24 95
25 85
25 88
25 94
25 95
25 96
26 86
26 88
26 89
26 90
26 96
27 88
27 90
28 85
28 86
28 90
29 89
29 92
29 93
30 85
30 89
30 92
30 95
30 96
31 85
31 89
31 90
31 96
32 86
32 88
32 90
32 95
33 85
33 90
33 92
34 88
34 95
35 85
35 87
35 91
36 93
36 96
37 87
37 89
37 93
39 88
39 95
40 87
40 90
40 94
41 85
42 86
42 87
42 88
42 92
42 93
43 90
43 91
44 88
44 89
44 94
45 86
45 91
45 93
46 86
46 91
46 93
46 94
47 85
47 87
47 90
47 91
47 92
47 95
47 96
48 88
48 89
48 90
48 93
48 96
49 94
50 85
51 90
51 91
51 92
51 95
51 96
52 90
52 91
52 92
52 95
54 88
54 89
54 92
54 95
55 86
55 91
55 92
55 95
56 89
56 92
56 93
56 96
57 85
57 86
57 88
57 89
57 94
58 88
59 90
60 90
60 92
61 85
61 90
61 92
61 94
62 87
62 88
62 93
62 94
62 96
63 87
63 88
63 91
63 95
64 86
64 91
64 92
64 93
64 94
64 95
64 96
65 85
65 95
66 85
66 86
66 90
66 92
67 88
67 90
67 91
67 92
67 94
68 85
68 90
68 93
69 94
70 85
71 85
71 94
71 96
72 86
72 89
72 94
72 96
73 85
73 87
73 90
73 96
74 85
74 88
74 89
74 90
74 92
74 93
74 94
75 88
75 92
75 93
75 95
76 88
76 89
77 88
77 91
77 94
77 95
78 87
78 92
78 93
79 85
79 91
79 96
80 86
80 87
80 88
80 91
81 85
81 92
81 94
81 95
81 96
82 87
82 89
82 92
82 93
82 95
83 87
83 92
83 94
84 88
84 92
