49 965 0 23
1 2 10
1 3 1
1 4 3
1 5 4
1 6 8
1 7 10
1 8 5
1 9 9
1 10 9
1 11 6
1 12 3
1 13 6
1 14 9
1 16 7
1 17 1
1 18 4
1 19 9
1 21 10
1 22 7
1 24 10
1 25 1
1 27 4
1 28 9
1 31 6
1 33 4
1 35 9
1 36 10
1 37 5
1 38 8
1 39 3
1 40 2
1 41 8
1 42 4
1 43 6
1 44 5
1 46 1
1 47 5
1 48 6
2 4 2
2 6 10
2 7 10
2 8 2
2 9 1
2 10 6
2 11 6
2 12 9
2 13 6
2 15 10
2 16 4
2 17 9
2 18 6
2 19 1
2 20 2
2 21 1
2 22 1
2 24 10
2 25 7
2 26 7
2 27 5
2 28 1
2 29 8
2 30 4
2 31 10
2 33 2
2 34 7
2 35 10
2 37 6
2 38 5
2 39 3
2 42 9
2 43 7
2 45 8
2 46 2
3 4 10
3 6 2
3 7 6
3 8 10
3 9 10
3 10 10
3 11 7
3 13 6
3 14 7
3 15 6
3 16 2
3 17 3
3 18 8
3 19 5
3 20 3
3 22 4
3 23 9
3 24 3
3 25 6
3 26 10
3 27 8
3 28 10
3 29 1
3 30 2
3 31 3
3 32 3
3 33 6
3 34 3
3 35 2
3 39 1
3 40 6
3 42 2
3 44 6
3 45 6
3 46 10
3 48 10
3 49 1
4 5 7
4 7 6
4 10 3
4 11 7
4 13 1
4 14 9
4 15 4
4 16 7
4 18 5
4 19 4
4 20 1
4 22 5
4 23 9
4 25 1
4 27 4
4 28 5
4 30 1
4 31 5
4 32 10
4 35 9
4 38 1
4 39 8
4 40 5
4 41 9
4 42 8
4 44 7
4 45 6
4 47 10
4 48 7
4 49 6
5 6 1
5 7 1
5 8 1
5 9 3
5 10 9
5 12 9
5 13 7
5 14 10
5 15 1
5 16 7
5 17 2
5 18 3
5 19 9
5 20 1
5 21 8
5 22 7
5 24 1
5 28 4
5 31 10
5 32 3
5 33 9
5 34 10
5 35 1
5 36 8
5 38 4
5 39 6
5 40 8
5 42 3
5 43 4
5 44 4
5 45 3
5 46 9
5 47 9
5 49 10
6 10 1
6 11 2
6 12 2
6 13 6
6 15 8
6 16 10
6 17 3
6 18 3
6 19 4
6 20 2
6 21 5
6 22 5
6 23 6
6 25 2
6 26 3
6 27 2
6 29 4
6 30 9
6 32 7
6 33 7
6 34 9
6 35 3
6 36 4
6 37 2
6 38 9
6 41 6
6 42 2
6 43 9
6 44 4
6 45 7
6 46 7
6 47 3
6 48 8
6 49 2
7 8 4
7 9 6
7 10 2
7 11 4
7 14 7
7 15 3
7 16 2
7 18 6
7 19 2
7 20 5
7 22 5
7 23 3
7 25 2
7 26 10
7 27 8
7 28 10
7 31 4
7 32 3
7 33 2
7 34 7
7 35 4
7 36 7
7 37 1
7 38 2
7 39 3
7 40 9
7 41 1
7 42 1
7 45 7
7 46 3
7 47 3
7 48 1
8 9 6
8 10 7
8 11 4
8 12 2
8 15 7
8 16 4
8 17 8
8 18 9
8 19 7
8 20 1
8 21 9
8 22 7
8 24 5
8 25 1
8 27 6
8 28 6
8 29 8
8 30 4
8 31 8
8 32 5
8 33 10
8 34 5
8 35 1
8 38 9
8 40 5
8 41 7
8 42 10
8 43 4
8 44 1
8 45 10
8 46 9
8 48 4
8 49 9
9 10 6
9 11 6
9 12 7
9 13 8
9 15 8
9 16 5
9 17 3
9 18 5
9 19 6
9 20 10
9 21 10
9 22 5
9 23 10
9 24 4
9 25 6
9 26 2
9 27 1
9 28 1
9 30 4
9 31 4
9 32 5
9 33 8
9 34 6
9 35 2
9 36 2
9 37 2
9 38 6
9 39 10
9 40 8
9 41 4
9 42 4
9 46 5
9 47 3
9 48 3
9 49 9
10 11 9
10 12 4
10 14 9
10 15 2
10 16 3
10 17 6
10 18 1
10 19 7
10 20 9
10 21 7
10 22 4
10 23 1
10 24 4
10 25 7
10 27 2
10 28 10
10 29 5
10 30 5
10 31 5
10 32 8
10 33 10
10 34 1
10 36 3
10 37 4
10 38 6
10 39 7
10 40 10
10 42 2
10 43 4
10 44 3
10 45 8
10 46 6
10 47 10
10 48 7
10 49 2
11 12 9
11 13 10
11 14 5
11 15 9
11 16 5
11 17 2
11 18 7
11 19 7
11 20 6
11 21 10
11 23 3
11 24 5
11 25 10
11 26 4
11 27 6
11 28 10
11 29 10
11 32 1
11 33 10
11 34 1
11 35 8
11 36 8
11 37 8
11 40 6
11 42 9
11 43 8
11 44 10
11 45 4
11 46 6
11 47 5
11 48 8
11 49 6
12 13 1
12 16 9
12 17 2
12 18 8
12 19 7
12 20 9
12 21 2
12 22 10
12 23 8
12 24 6
12 25 2
12 28 4
12 29 7
12 30 9
12 31 7
12 32 10
12 33 9
12 34 9
12 35 7
12 36 10
12 37 5
12 38 4
12 39 2
12 40 1
12 42 3
12 44 4
12 46 7
12 47 2
12 48 9
12 49 6
13 14 2
13 15 5
13 16 8
13 17 1
13 18 10
13 19 8
13 20 7
13 22 1
13 23 5
13 25 6
13 26 5
13 27 5
13 28 4
13 29 3
13 30 5
13 31 8
13 32 1
13 34 3
13 35 6
13 36 3
13 37 5
13 38 6
13 39 1
13 40 1
13 41 8
13 42 8
13 43 7
13 44 10
13 45 4
13 46 7
13 47 9
13 48 4
13 49 8
14 15 6
14 16 8
14 18 10
14 19 8
14 20 4
14 21 7
14 22 10
14 24 3
14 25 4
14 28 1
14 30 3
14 31 8
14 33 6
14 36 3
14 38 9
14 41 8
14 42 9
14 43 5
14 44 8
14 45 7
14 46 10
14 47 9
14 48 6
14 49 6
15 17 10
15 18 4
15 19 5
15 20 5
15 21 9
15 22 1
15 24 10
15 25 3
15 26 4
15 28 4
15 29 3
15 30 10
15 31 10
15 32 1
15 33 1
15 34 8
15 35 3
15 37 2
15 38 9
15 39 7
15 40 9
15 41 4
15 42 10
15 43 6
15 44 1
15 45 10
15 46 2
15 47 2
15 48 5
15 49 10
16 17 1
16 18 2
16 19 2
16 20 4
16 21 8
16 22 8
16 23 6
16 24 5
16 25 5
16 26 5
16 27 9
16 28 3
16 29 9
16 30 9
16 31 6
16 33 6
16 35 3
16 36 9
16 37 5
16 38 4
16 41 7
16 42 2
16 44 6
16 46 4
16 47 9
16 48 2
16 49 6
17 18 8
17 19 3
17 20 7
17 21 1
17 22 7
17 23 3
17 26 9
17 27 6
17 28 5
17 29 5
17 30 7
17 32 10
17 33 10
17 34 7
17 35 6
17 36 4
17 37 7
17 38 6
17 40 10
17 41 5
17 43 2
17 44 10
17 45 1
17 46 2
17 47 5
17 48 8
17 49 2
18 19 9
18 20 2
18 21 8
18 22 3
18 23 5
18 24 3
18 25 6
18 26 7
18 27 3
18 28 5
18 29 4
18 30 3
18 32 3
18 33 8
18 35 4
18 36 3
18 37 3
18 38 3
18 39 5
18 40 9
18 41 6
18 42 2
18 43 3
18 44 3
18 45 8
18 46 2
18 47 9
19 20 6
19 22 6
19 23 4
19 24 4
19 26 2
19 27 6
19 28 8
19 29 5
19 31 8
19 32 7
19 34 9
19 35 10
19 36 8
19 37 1
19 38 8
19 39 7
19 40 6
19 41 2
19 42 4
19 44 7
19 45 5
19 46 7
19 47 4
19 48 4
19 49 9
20 21 7
20 22 10
20 23 6
20 24 1
20 25 9
20 26 4
20 27 6
20 28 4
20 30 10
20 32 4
20 33 4
20 34 7
20 35 5
20 36 1
20 37 9
20 38 2
20 39 1
20 40 3
20 41 3
20 42 10
20 44 8
20 46 5
20 47 2
20 48 6
21 22 10
21 23 3
21 24 10
21 25 7
21 27 3
21 28 10
21 29 8
21 30 2
21 32 10
21 33 10
21 34 1
21 35 10
21 36 4
21 37 2
21 38 4
21 39 8
21 41 7
21 42 9
21 43 8
21 44 9
21 45 7
21 46 10
21 47 3
21 48 3
21 49 5
22 23 9
22 24 9
22 25 3
22 26 9
22 27 6
22 28 2
22 29 1
22 30 3
22 32 7
22 33 1
22 34 4
22 35 6
22 36 3
22 37 8
22 38 1
22 39 4
22 40 9
22 41 5
22 42 1
22 43 8
22 44 10
22 46 7
22 47 3
22 48 6
22 49 9
23 26 4
23 27 5
23 29 3
23 30 7
23 31 8
23 32 10
23 33 5
23 34 1
23 35 5
23 36 6
23 37 9
23 38 10
23 40 9
23 42 4
23 43 1
23 44 6
23 45 2
23 46 6
23 47 7
23 48 10
23 49 8
24 25 4
24 26 3
24 28 2
24 29 6
24 30 6
24 31 1
24 33 8
24 34 1
24 35 5
24 37 9
24 38 5
24 40 7
24 41 8
24 42 4
24 43 5
24 44 9
24 45 1
24 46 1
24 48 2
24 49 3
25 26 10
25 27 3
25 28 7
25 29 10
25 30 1
25 31 2
25 33 4
25 34 9
25 35 5
25 36 4
25 37 9
25 38 9
25 39 2
25 40 10
25 41 3
25 42 5
25 43 10
25 44 6
25 45 6
25 46 7
25 49 4
26 27 7
26 28 3
26 29 6
26 30 1
26 32 7
26 34 3
26 36 6
26 37 5
26 38 2
26 39 9
26 40 10
26 41 1
26 42 2
26 43 4
26 45 9
26 46 9
26 47 5
26 48 6
26 49 9
27 28 1
27 29 7
27 31 8
27 32 7
27 33 1
27 34 6
27 35 4
27 36 6
27 37 10
27 38 6
27 39 5
27 40 7
27 41 2
27 42 2
27 43 10
27 44 8
27 45 3
27 46 7
27 47 3
27 48 3
28 29 6
28 30 1
28 31 8
28 32 9
28 33 3
28 34 8
28 35 9
28 36 4
28 38 6
28 39 10
28 40 5
28 41 1
28 42 10
28 43 9
28 44 4
28 45 2
28 46 9
28 48 7
28 49 7
29 30 2
29 32 3
29 33 3
29 35 10
29 36 7
29 37 3
29 38 10
29 39 6
29 40 2
29 41 5
29 42 5
29 43 5
29 44 10
29 45 5
29 47 10
29 48 8
29 49 5
30 32 1
30 34 8
30 35 6
30 37 6
30 38 7
30 39 6
30 40 10
30 41 8
30 42 2
30 43 7
30 45 1
30 46 9
30 47 1
30 48 6
30 49 2
31 32 6
31 33 5
31 34 2
31 35 3
31 36 6
31 37 10
31 38 6
31 40 8
31 41 8
31 42 10
31 43 1
31 44 2
31 45 5
31 46 8
31 47 6
31 48 5
31 49 2
32 33 8
32 34 8
32 35 3
32 36 3
32 40 7
32 41 8
32 42 1
32 43 6
32 44 3
32 45 9
32 46 8
32 47 2
32 48 7
32 49 4
33 34 5
33 35 9
33 37 7
33 38 5
33 41 5
33 42 7
33 43 6
33 44 9
33 45 7
33 47 3
33 48 9
33 49 1
34 35 7
34 36 6
34 37 6
34 38 1
34 39 6
34 40 9
34 42 9
34 43 10
34 44 8
34 45 9
34 47 8
34 48 1
34 49 10
35 36 9
35 38 10
35 39 1
35 41 1
35 42 4
35 43 7
35 46 3
35 47 1
35 48 7
35 49 4
36 38 6
36 39 10
36 40 2
36 42 5
36 43 9
36 44 5
36 45 7
36 46 8
36 47 5
36 48 8
36 49 8
37 38 2
37 39 5
37 40 1
37 42 4
37 43 4
37 44 2
37 45 4
37 46 3
37 47 1
37 48 7
38 39 9
38 40 10
38 41 8
38 42 8
38 43 4
38 44 5
38 46 5
38 47 4
38 49 6
39 40 9
39 41 5
39 42 8
39 44 6
39 45 5
39 47 8
39 49 9
40 41 2
40 42 10
40 43 5
40 44 10
40 45 4
40 46 7
40 47 3
40 49 3
41 42 4
41 43 7
41 45 6
41 46 7
41 47 1
41 49 2
42 43 6
42 44 5
42 46 9
42 47 4
42 49 8
43 44 8
43 45 9
43 46 2
43 47 5
43 48 1
44 46 4
44 47 5
44 48 4
44 49 8
45 46 10
45 47 7
45 48 2
45 49 3
46 47 3
46 48 8
46 49 6
47 48 3
47 49 4
48 49 1
