45 302 1 17
1 2 10
1 11 6
1 14 9
1 15 4
1 16 1
1 18 9
1 20 10
1 23 8
1 30 1
2 3 6
2 14 7
2 15 10
2 17 1
2 19 6
2 20 10
2 23 3
2 25 4
2 26 7
2 28 6
2 29 7
2 30 2
2 32 6
2 33 8
2 39 7
2 40 5
2 41 7
2 44 9
3 4 4
3 8 1
3 12 6
3 16 6
3 18 3
3 19 10
3 20 7
3 22 5
3 23 10
3 26 9
3 37 1
3 41 5
3 42 9
4 5 1
4 9 4
4 10 5
4 11 8
4 14 6
4 16 4
4 22 10
4 26 7
4 29 4
4 30 10
4 35 3
4 37 8
4 44 8
5 11 5
5 16 1
5 17 7
5 18 6
5 21 8
5 23 9
5 27 3
5 29 4
5 34 5
5 36 10
5 38 4
5 42 3
5 44 1
5 45 4
6 9 8
6 10 7
6 12 10
6 16 6
6 17 4
6 19 9
6 20 5
6 22 9
6 25 2
6 28 7
6 29 1
6 33 10
6 34 10
6 36 2
6 43 5
6 44 10
7 9 1
7 12 8
7 14 9
7 18 9
7 20 6
7 23 5
7 29 4
7 30 4
7 32 9
7 33 1
7 36 5
7 40 2
7 41 8
7 42 9
7 45 9
8 11 6
8 14 4
8 16 2
8 27 3
8 33 10
8 34 9
8 35 9
8 36 3
8 42 9
9 11 9
9 18 8
9 22 8
9 26 9
9 30 2
9 32 1
9 33 8
9 37 5
9 45 9
10 14 4
10 18 4
10 19 4
10 25 10
10 26 7
10 29 10
10 38 5
10 45 1
11 13 5
11 17 3
11 21 8
11 22 2
11 23 4
11 25 1
11 27 9
11 30 8
11 32 8
11 33 5
11 39 6
11 43 2
12 18 8
12 19 9
12 31 6
12 33 4
12 34 10
12 36 2
12 39 5
12 42 1
12 45 10
13 15 1
13 17 7
13 21 3
13 28 1
13 31 2
13 39 7
13 45 9
14 16 9
14 19 4
14 21 5
14 22 2
14 32 9
14 35 8
14 37 8
14 38 9
14 43 7
14 45 3
15 20 7
15 22 8
15 27 10
15 28 9
15 30 5
15 32 7
15 39 2
15 43 2
16 21 5
16 22 1
16 31 9
16 32 7
16 33 2
16 36 4
16 38 8
16 40 8
16 41 4
16 42 8
16 43 1
16 44 5
17 20 1
17 33 3
17 40 4
17 44 6
18 22 10
18 23 1
18 31 9
18 34 4
18 38 2
18 39 10
18 41 5
18 43 3
18 44 10
18 45 7
19 22 3
19 23 8
19 24 3
19 26 10
19 31 2
19 32 6
19 33 5
19 34 10
19 38 4
19 41 9
19 42 5
19 43 8
19 44 1
20 32 5
20 33 7
20 34 2
20 42 10
20 44 3
20 45 4
21 23 3
21 35 9
21 36 3
21 39 8
21 41 8
22 25 3
22 27 1
22 30 8
22 31 8
22 32 2
22 33 5
23 24 9
23 28 8
23 33 5
23 34 6
23 37 5
24 27 6
24 28 3
24 32 5
24 34 1
24 37 5
24 39 1
24 42 6
25 36 1
25 38 6
25 40 9
26 27 10
26 29 6
26 33 9
26 38 6
26 41 8
26 44 9
27 28 2
27 29 8
27 31 10
27 36 7
27 37 7
28 29 8
28 30 1
28 31 7
28 33 2
28 35 2
28 37 5
28 43 7
28 44 4
28 45 8
29 30 10
29 33 4
29 34 7
29 35 10
29 42 10
29 44 5
30 31 3
31 32 10
31 34 2
31 35 1
31 41 9
31 42 10
31 43 1
31 44 3
32 36 4
32 38 7
32 41 7
32 43 4
32 45 1
33 34 10
34 38 1
34 39 2
34 44 3
34 45 9
35 36 10
35 38 5
35 41 1
35 44 9
36 37 3
36 41 1
36 43 3
37 39 9
37 40 7
37 41 4
38 41 10
38 45 7
40 42 2
41 42 2
42 43 1
42 44 9
44 45 7
