110 4397 0 15
1 2 7
1 4 5
1 6 6
1 8 2
1 9 3
1 10 5
1 11 7
1 12 8
1 13 1
1 15 1
1 16 5
1 17 9
1 19 4
1 24 8
1 25 4
1 28 5
1 29 2
1 30 2
1 31 1
1 34 9
1 35 1
1 38 7
1 39 1
1 41 10
1 42 3
1 44 7
1 45 6
1 46 1
1 47 1
1 49 7
1 50 2
1 51 4
1 53 7
1 55 2
1 57 8
1 58 3
1 59 2
1 62 4
1 63 2
1 65 10
1 66 1
1 68 8
1 69 7
1 70 6
1 71 10
1 72 9
1 73 4
1 74 7
1 76 7
1 77 6
1 78 1
1 82 6
1 83 6
1 84 9
1 85 9
1 86 4
1 87 9
1 88 8
1 89 1
1 91 7
1 93 9
1 94 7
1 95 7
1 96 8
1 97 7
1 98 4
1 100 8
1 101 5
1 102 5
1 103 8
1 104 7
1 105 2
1 106 5
1 107 4
1 110 2
2 3 7
2 4 10
2 5 10
2 10 4
2 11 10
2 12 4
2 15 5
2 17 2
2 18 2
2 19 4
2 20 2
2 21 9
2 25 10
2 26 1
2 28 8
2 29 7
2 31 9
2 32 1
2 33 2
2 34 5
2 35 8
2 38 6
2 39 1
2 40 1
2 41 8
2 42 9
2 43 5
2 44 7
2 45 5
2 46 3
2 47 9
2 48 7
2 49 7
2 50 9
2 51 1
2 53 7
2 54 3
2 55 1
2 56 1
2 57 2
2 58 4
2 59 5
2 60 4
2 62 3
2 63 9
2 64 8
2 65 2
2 66 5
2 67 7
2 68 4
2 70 8
2 72 10
2 73 7
2 74 8
2 75 3
2 76 1
2 77 1
2 79 1
2 80 2
2 81 8
2 82 6
2 83 7
2 84 3
2 86 1
2 88 2
2 89 8
2 90 6
2 93 8
2 94 2
2 96 4
2 97 1
2 101 1
2 102 2
2 104 9
2 105 4
2 106 10
2 107 4
2 108 7
2 109 7
2 110 4
3 4 3
3 5 8
3 6 4
3 7 6
3 8 5
3 11 10
3 12 9
3 13 10
3 14 4
3 15 4
3 16 1
3 17 2
3 18 10
3 19 9
3 20 3
3 21 1
3 22 7
3 23 9
3 25 2
3 26 2
3 27 4
3 28 2
3 29 4
3 30 7
3 31 8
3 32 7
3 34 10
3 35 4
3 36 7
3 37 5
3 39 8
3 43 3
3 44 7
3 45 10
3 48 4
3 50 3
3 51 7
3 52 4
3 53 4
3 54 1
3 55 9
3 56 2
3 60 7
3 61 3
3 62 9
3 63 10
3 64 9
3 65 7
3 66 10
3 67 2
3 68 1
3 69 3
3 70 4
3 71 7
3 72 4
3 73 7
3 74 2
3 76 3
3 77 5
3 78 6
3 79 6
3 80 10
3 81 3
3 82 4
3 83 7
3 84 5
3 85 10
3 86 9
3 88 7
3 89 5
3 91 5
3 93 6
3 95 3
3 97 1
3 98 6
3 99 6
3 100 4
3 101 7
3 102 4
3 104 5
3 105 5
3 106 9
3 107 2
3 108 3
3 110 5
4 5 7
4 6 7
4 7 5
4 8 8
4 9 5
4 10 10
4 11 5
4 13 4
4 14 8
4 15 6
4 17 1
4 18 5
4 19 2
4 20 5
4 21 9
4 22 10
4 23 6
4 25 9
4 27 4
4 28 8
4 29 10
4 30 7
4 31 9
4 32 5
4 33 1
4 34 1
4 36 9
4 37 10
4 38 9
4 39 9
4 40 2
4 41 1
4 42 4
4 43 2
4 45 8
4 46 5
4 47 9
4 48 3
4 49 3
4 50 6
4 51 5
4 53 9
4 54 1
4 55 7
4 56 7
4 57 3
4 58 2
4 59 1
4 61 1
4 62 10
4 63 8
4 64 2
4 65 1
4 66 4
4 67 3
4 68 5
4 69 2
4 70 3
4 71 2
4 72 1
4 73 5
4 74 8
4 76 2
4 77 6
4 79 6
4 80 3
4 82 3
4 85 7
4 86 4
4 87 9
4 89 7
4 90 4
4 91 4
4 92 6
4 93 6
4 95 7
4 96 3
4 97 1
4 98 5
4 99 8
4 101 7
4 102 7
4 104 2
4 105 2
4 106 2
4 107 1
4 108 4
4 109 2
4 110 4
5 6 9
5 8 4
5 9 8
5 10 6
5 11 6
5 12 9
5 13 3
5 14 6
5 15 3
5 17 6
5 18 10
5 20 4
5 21 4
5 22 6
5 23 9
5 25 7
5 26 3
5 27 9
5 28 5
5 29 2
5 30 2
5 31 1
5 32 10
5 33 6
5 34 9
5 35 6
5 36 4
5 37 8
5 39 8
5 40 4
5 41 9
5 42 4
5 43 7
5 44 2
5 45 4
5 47 6
5 49 9
5 53 10
5 54 2
5 55 6
5 56 9
5 57 8
5 58 2
5 59 3
5 60 5
5 61 3
5 62 2
5 63 4
5 66 3
5 67 4
5 68 6
5 69 6
5 70 2
5 71 10
5 73 6
5 74 2
5 75 1
5 76 9
5 77 1
5 78 4
5 80 4
5 81 4
5 82 3
5 83 6
5 84 1
5 85 2
5 86 4
5 88 10
5 89 2
5 90 7
5 91 8
5 92 5
5 93 6
5 95 8
5 96 2
5 97 10
5 98 10
5 100 5
5 101 5
5 102 2
5 104 10
5 105 4
5 107 7
5 108 8
5 109 6
5 110 1
6 9 1
6 10 7
6 12 5
6 13 1
6 16 10
6 19 3
6 20 7
6 22 7
6 23 5
6 24 1
6 26 1
6 28 1
6 30 7
6 31 1
6 32 3
6 33 8
6 35 1
6 37 7
6 38 3
6 40 1
6 42 3
6 44 1
6 46 8
6 47 2
6 48 7
6 50 8
6 51 9
6 52 2
6 53 10
6 55 5
6 56 8
6 57 4
6 58 8
6 59 7
6 60 7
6 62 2
6 64 7
6 65 2
6 67 10
6 68 1
6 69 6
6 71 3
6 72 9
6 73 5
6 74 1
6 76 4
6 77 6
6 78 9
6 79 1
6 80 4
6 82 6
6 83 8
6 84 9
6 85 6
6 86 4
6 88 9
6 90 7
6 91 9
6 94 9
6 96 10
6 97 3
6 100 7
6 101 4
6 103 10
6 106 4
6 108 5
6 109 10
6 110 7
7 10 2
7 11 2
7 12 8
7 13 9
7 14 3
7 15 3
7 17 6
7 18 9
7 20 2
7 21 3
7 22 8
7 24 6
7 26 10
7 27 6
7 28 5
7 29 8
7 31 10
7 32 3
7 35 1
7 36 8
7 38 9
7 39 2
7 40 9
7 41 6
7 42 1
7 43 7
7 44 3
7 45 7
7 46 10
7 50 4
7 51 9
7 53 6
7 55 10
7 56 4
7 57 4
7 58 2
7 59 3
7 60 7
7 66 10
7 68 9
7 69 10
7 71 6
7 72 6
7 74 1
7 75 1
7 76 2
7 77 1
7 78 4
7 79 9
7 81 1
7 83 10
7 84 2
7 85 7
7 86 1
7 87 2
7 89 7
7 91 6
7 92 9
7 94 6
7 96 5
7 97 2
7 98 8
7 99 2
7 100 1
7 101 3
7 102 5
7 104 5
7 105 10
7 106 10
7 107 5
7 108 1
7 109 4
7 110 4
8 9 5
8 11 6
8 12 10
8 13 4
8 14 4
8 15 10
8 18 10
8 19 9
8 20 2
8 23 3
8 24 8
8 27 9
8 28 6
8 29 8
8 30 3
8 31 4
8 32 6
8 35 5
8 36 7
8 37 7
8 38 5
8 39 2
8 40 6
8 41 10
8 42 9
8 43 10
8 44 6
8 45 8
8 47 2
8 50 3
8 51 9
8 52 5
8 53 8
8 54 4
8 55 8
8 56 5
8 57 5
8 59 4
8 60 7
8 62 1
8 63 1
8 65 8
8 66 2
8 69 10
8 70 1
8 71 3
8 72 9
8 75 2
8 76 7
8 77 3
8 78 3
8 79 9
8 80 2
8 81 10
8 83 6
8 84 4
8 86 5
8 88 7
8 89 7
8 90 8
8 91 5
8 92 9
8 93 10
8 94 5
8 95 7
8 97 10
8 99 10
8 102 7
8 103 1
8 104 1
8 108 2
8 109 4
8 110 8
9 11 7
9 12 10
9 13 5
9 14 5
9 15 8
9 16 8
9 17 7
9 18 1
9 19 8
9 20 9
9 24 5
9 25 5
9 26 2
9 27 7
9 28 1
9 29 4
9 30 1
9 31 1
9 32 10
9 33 9
9 34 6
9 36 7
9 39 4
9 40 7
9 41 1
9 43 8
9 45 1
9 46 3
9 47 10
9 48 3
9 49 9
9 50 1
9 51 10
9 54 2
9 55 10
9 56 4
9 58 8
9 59 3
9 60 6
9 61 8
9 62 10
9 63 8
9 65 10
9 67 2
9 68 8
9 69 6
9 71 7
9 72 1
9 76 1
9 78 2
9 79 4
9 81 8
9 82 4
9 83 1
9 84 3
9 85 7
9 86 4
9 88 2
9 90 1
9 91 7
9 92 6
9 93 10
9 95 4
9 97 8
9 99 6
9 100 7
9 103 3
9 104 2
9 105 7
9 106 1
9 107 2
9 108 7
9 109 8
9 110 7
10 11 6
10 12 7
10 13 8
10 15 8
10 16 8
10 17 2
10 18 1
10 20 5
10 21 2
10 25 9
10 30 3
10 31 4
10 32 6
10 33 7
10 34 1
10 35 2
10 36 8
10 37 6
10 38 6
10 39 8
10 41 6
10 42 6
10 45 5
10 46 10
10 47 10
10 48 2
10 49 7
10 50 4
10 51 9
10 52 4
10 53 5
10 55 6
10 57 9
10 58 1
10 60 5
10 61 3
10 62 2
10 63 2
10 65 6
10 69 3
10 70 2
10 71 8
10 72 1
10 73 2
10 74 3
10 75 9
10 77 1
10 78 9
10 79 3
10 80 8
10 81 1
10 84 10
10 85 10
10 86 4
10 87 7
10 88 7
10 89 6
10 90 8
10 91 6
10 92 2
10 94 3
10 95 3
10 97 4
10 100 3
10 102 10
10 103 7
10 104 5
10 105 3
10 106 6
10 107 2
10 108 8
10 109 6
10 110 3
11 12 8
11 13 5
11 14 1
11 15 2
11 16 9
11 18 8
11 19 7
11 21 8
11 22 2
11 24 2
11 25 6
11 26 3
11 28 2
11 30 7
11 31 1
11 32 4
11 33 3
11 34 9
11 35 8
11 36 1
11 38 5
11 39 8
11 40 8
11 41 6
11 42 5
11 43 8
11 47 7
11 48 7
11 49 9
11 50 4
11 51 3
11 52 2
11 53 5
11 54 8
11 55 1
11 56 9
11 58 1
11 60 6
11 61 6
11 62 7
11 63 6
11 64 9
11 65 7
11 67 5
11 68 4
11 69 1
11 70 1
11 73 7
11 74 2
11 78 2
11 79 7
11 81 5
11 83 7
11 85 3
11 86 10
11 87 6
11 88 7
11 89 10
11 90 7
11 92 4
11 93 9
11 94 5
11 95 4
11 97 2
11 99 6
11 101 3
11 102 7
11 103 1
11 104 4
11 106 9
11 107 10
11 108 1
12 13 7
12 14 10
12 15 10
12 16 5
12 17 1
12 20 6
12 21 6
12 22 10
12 23 7
12 26 1
12 28 2
12 29 8
12 31 8
12 32 4
12 33 9
12 34 3
12 35 1
12 36 10
12 37 7
12 38 4
12 39 10
12 40 5
12 42 10
12 43 2
12 45 3
12 46 5
12 47 8
12 48 3
12 49 2
12 50 9
12 52 9
12 53 1
12 54 3
12 55 3
12 56 1
12 57 3
12 58 8
12 59 3
12 60 1
12 61 1
12 62 10
12 63 1
12 64 1
12 65 4
12 66 9
12 67 10
12 68 4
12 69 8
12 70 3
12 72 4
12 73 7
12 74 6
12 75 9
12 76 9
12 83 4
12 84 4
12 88 4
12 89 3
12 93 4
12 94 10
12 95 8
12 97 1
12 98 10
12 99 1
12 100 4
12 101 7
12 102 10
12 103 9
12 104 9
12 105 2
12 106 9
12 107 2
13 15 9
13 16 10
13 17 1
13 18 9
13 20 9
13 21 3
13 23 10
13 24 3
13 25 8
13 27 8
13 28 6
13 31 10
13 35 9
13 36 10
13 37 10
13 38 1
13 39 3
13 40 2
13 41 10
13 42 9
13 43 9
13 44 2
13 45 10
13 46 9
13 48 3
13 49 7
13 50 7
13 52 6
13 53 7
13 54 7
13 55 5
13 56 6
13 57 1
13 58 10
13 60 3
13 61 9
13 62 9
13 63 9
13 64 6
13 65 8
13 66 8
13 67 3
13 69 6
13 72 8
13 73 6
13 77 1
13 78 5
13 79 2
13 80 1
13 82 2
13 83 7
13 84 4
13 85 10
13 86 2
13 87 10
13 89 1
13 90 2
13 91 10
13 92 10
13 93 4
13 94 6
13 95 8
13 97 8
13 99 9
13 100 6
13 101 1
13 104 6
13 105 9
13 106 10
13 108 2
13 109 1
13 110 2
14 15 3
14 16 8
14 17 4
14 18 2
14 19 7
14 20 6
14 22 1
14 23 8
14 24 4
14 25 4
14 26 1
14 27 3
14 28 3
14 31 5
14 33 8
14 34 10
14 35 8
14 36 7
14 37 10
14 38 7
14 39 7
14 40 1
14 41 5
14 42 2
14 45 9
14 46 4
14 47 8
14 48 6
14 49 6
14 50 1
14 51 5
14 52 5
14 53 6
14 57 5
14 59 8
14 60 9
14 62 7
14 63 5
14 64 9
14 65 2
14 66 6
14 67 10
14 68 9
14 69 4
14 70 8
14 71 9
14 73 10
14 74 2
14 76 1
14 77 3
14 78 2
14 79 4
14 81 3
14 82 9
14 83 3
14 84 7
14 85 1
14 86 8
14 87 2
14 90 7
14 91 6
14 93 9
14 94 9
14 95 10
14 96 2
14 97 9
14 98 1
14 102 8
14 104 1
14 106 1
14 110 4
15 16 5
15 18 4
15 20 10
15 21 3
15 24 5
15 25 2
15 26 5
15 27 4
15 28 5
15 29 2
15 31 9
15 34 3
15 36 2
15 38 8
15 39 2
15 40 4
15 42 5
15 43 8
15 44 3
15 45 9
15 46 10
15 48 6
15 49 9
15 50 7
15 52 4
15 53 9
15 55 3
15 57 7
15 58 9
15 60 8
15 61 4
15 62 3
15 63 10
15 64 4
15 65 4
15 67 10
15 68 7
15 71 5
15 72 6
15 74 7
15 75 1
15 78 3
15 80 7
15 83 3
15 88 1
15 89 10
15 92 8
15 94 10
15 95 2
15 96 8
15 98 2
15 100 8
15 101 6
15 102 2
15 103 5
15 104 8
15 106 5
15 107 3
15 108 4
15 110 4
16 17 4
16 18 2
16 19 6
16 20 2
16 22 10
16 23 3
16 24 2
16 25 4
16 26 3
16 27 8
16 29 9
16 30 9
16 31 3
16 32 2
16 33 8
16 34 7
16 35 1
16 36 6
16 38 9
16 39 7
16 41 1
16 43 9
16 44 8
16 45 10
16 46 8
16 47 8
16 48 9
16 53 9
16 54 3
16 55 2
16 57 9
16 58 3
16 59 5
16 60 6
16 61 3
16 62 3
16 63 6
16 64 2
16 66 7
16 67 9
16 68 1
16 70 8
16 71 6
16 72 1
16 73 1
16 74 6
16 75 6
16 77 2
16 78 10
16 79 2
16 80 7
16 81 8
16 82 6
16 84 8
16 85 7
16 86 8
16 87 10
16 88 4
16 89 10
16 90 7
16 91 6
16 92 5
16 93 7
16 94 6
16 96 9
16 97 5
16 98 6
16 100 3
16 101 5
16 102 3
16 103 3
16 105 3
16 106 3
16 107 8
16 109 5
16 110 4
17 18 2
17 20 5
17 21 10
17 22 2
17 23 10
17 25 6
17 26 7
17 29 3
17 30 7
17 31 8
17 33 1
17 34 7
17 35 1
17 37 2
17 41 1
17 42 9
17 43 1
17 44 9
17 45 2
17 46 10
17 47 4
17 48 7
17 49 8
17 52 7
17 53 1
17 56 10
17 57 10
17 58 9
17 59 1
17 60 2
17 61 1
17 62 9
17 63 9
17 64 7
17 66 2
17 67 1
17 68 6
17 69 2
17 70 5
17 72 2
17 73 6
17 76 1
17 78 7
17 79 2
17 80 5
17 82 7
17 83 3
17 84 4
17 85 1
17 87 10
17 88 4
17 89 1
17 90 10
17 91 1
17 93 9
17 94 9
17 95 6
17 96 10
17 97 8
17 98 5
17 100 4
17 101 1
17 103 2
17 104 7
17 107 8
17 109 9
17 110 3
18 19 6
18 20 5
18 22 2
18 24 9
18 25 2
18 26 1
18 27 10
18 28 9
18 29 1
18 30 6
18 31 5
18 32 5
18 33 9
18 34 8
18 36 7
18 37 10
18 38 5
18 39 7
18 40 1
18 42 6
18 43 5
18 44 5
18 45 1
18 46 1
18 47 8
18 49 5
18 50 8
18 51 8
18 52 8
18 53 3
18 54 7
18 55 2
18 56 6
18 57 7
18 58 7
18 59 4
18 60 8
18 62 7
18 63 9
18 66 8
18 67 4
18 68 4
18 69 8
18 70 4
18 71 3
18 73 8
18 74 2
18 75 9
18 76 4
18 77 7
18 78 9
18 79 9
18 81 8
18 82 4
18 83 1
18 84 4
18 85 3
18 87 7
18 88 2
18 89 1
18 90 9
18 91 1
18 92 5
18 93 1
18 94 6
18 95 5
18 96 10
18 98 4
18 99 8
18 101 2
18 102 9
18 103 10
18 104 2
18 105 2
18 106 7
18 107 3
18 108 1
18 109 9
19 20 5
19 21 3
19 22 8
19 23 1
19 24 6
19 25 8
19 26 9
19 29 5
19 31 6
19 33 4
19 34 4
19 37 1
19 38 9
19 40 3
19 41 10
19 43 10
19 44 2
19 45 4
19 46 9
19 47 9
19 48 5
19 49 10
19 50 9
19 51 1
19 52 5
19 53 4
19 54 3
19 55 8
19 56 8
19 57 1
19 58 2
19 59 2
19 60 6
19 62 6
19 63 5
19 64 9
19 65 3
19 66 6
19 67 3
19 68 8
19 69 5
19 71 8
19 72 2
19 73 5
19 74 6
19 75 2
19 76 2
19 77 6
19 78 1
19 79 10
19 80 8
19 81 10
19 82 6
19 83 5
19 84 6
19 85 5
19 86 3
19 88 7
19 89 10
19 92 6
19 96 10
19 97 3
19 98 7
19 99 7
19 100 4
19 101 3
19 104 2
19 106 6
19 107 6
19 110 6
20 23 6
20 25 5
20 26 9
20 27 6
20 28 2
20 29 8
20 31 7
20 33 8
20 34 3
20 35 1
20 36 6
20 37 8
20 38 2
20 40 10
20 41 9
20 43 3
20 45 8
20 46 4
20 47 1
20 48 10
20 49 7
20 50 9
20 51 10
20 52 4
20 53 4
20 55 6
20 59 7
20 61 6
20 62 6
20 63 2
20 64 4
20 68 3
20 69 2
20 70 7
20 71 6
20 74 5
20 75 2
20 76 1
20 77 10
20 78 5
20 79 5
20 80 3
20 81 4
20 82 1
20 84 4
20 85 1
20 86 9
20 87 6
20 88 2
20 89 3
20 90 2
20 91 7
20 92 7
20 95 5
20 96 7
20 97 9
20 98 7
20 99 9
20 100 9
20 101 10
20 102 4
20 103 2
20 109 8
20 110 10
21 23 4
21 24 7
21 25 8
21 26 7
21 27 5
21 28 8
21 29 1
21 30 8
21 31 1
21 32 4
21 33 10
21 34 8
21 35 1
21 36 7
21 39 1
21 40 6
21 41 10
21 42 2
21 43 5
21 44 7
21 45 1
21 46 8
21 47 8
21 49 1
21 50 5
21 51 1
21 52 1
21 53 2
21 54 8
21 55 8
21 56 5
21 57 4
21 58 3
21 59 4
21 60 9
21 61 5
21 62 10
21 64 8
21 66 2
21 67 2
21 68 8
21 69 4
21 72 3
21 73 2
21 74 7
21 76 9
21 77 2
21 79 2
21 80 3
21 81 9
21 82 4
21 83 2
21 84 2
21 85 5
21 87 10
21 88 8
21 89 7
21 90 10
21 92 10
21 93 1
21 94 5
21 95 7
21 96 4
21 99 4
21 101 2
21 103 6
21 104 1
21 105 1
21 107 6
21 108 5
21 110 10
22 23 6
22 24 10
22 25 5
22 27 9
22 28 9
22 29 3
22 30 6
22 31 3
22 37 9
22 38 8
22 40 4
22 41 9
22 42 5
22 45 3
22 47 6
22 48 5
22 52 7
22 53 7
22 54 6
22 55 1
22 56 6
22 57 7
22 58 2
22 59 4
22 60 1
22 62 10
22 63 4
22 64 9
22 66 10
22 67 2
22 68 4
22 69 10
22 72 4
22 73 7
22 74 2
22 76 8
22 77 8
22 80 2
22 81 3
22 82 8
22 83 6
22 88 10
22 90 9
22 91 6
22 92 9
22 93 6
22 94 6
22 95 3
22 97 8
22 99 3
22 100 9
22 101 6
22 103 6
22 104 1
22 105 3
22 106 5
22 107 2
22 108 9
22 109 5
23 26 4
23 27 3
23 28 6
23 29 3
23 30 10
23 31 1
23 32 9
23 33 2
23 34 9
23 36 2
23 39 5
23 40 3
23 41 10
23 42 7
23 44 8
23 46 10
23 47 8
23 48 9
23 49 3
23 50 2
23 51 6
23 53 8
23 55 3
23 57 5
23 58 10
23 59 1
23 62 1
23 64 9
23 65 9
23 67 7
23 69 6
23 70 7
23 71 5
23 72 7
23 73 6
23 74 7
23 75 9
23 76 3
23 77 1
23 78 9
23 79 1
23 81 2
23 85 2
23 86 3
23 88 6
23 89 10
23 90 3
23 92 10
23 93 6
23 94 7
23 95 7
23 96 6
23 97 3
23 98 5
23 99 8
23 101 1
23 102 9
23 104 7
23 105 1
23 107 9
23 108 9
23 110 9
24 25 9
24 26 3
24 27 8
24 30 8
24 32 1
24 33 10
24 34 8
24 36 6
24 37 7
24 38 7
24 39 7
24 40 1
24 43 4
24 44 8
24 45 10
24 47 5
24 48 5
24 50 7
24 51 6
24 52 8
24 53 4
24 55 7
24 56 7
24 57 7
24 58 1
24 59 5
24 60 2
24 63 6
24 66 6
24 67 8
24 68 3
24 69 2
24 70 3
24 74 8
24 75 3
24 76 4
24 77 10
24 79 9
24 80 2
24 81 3
24 82 7
24 83 1
24 84 1
24 85 10
24 87 10
24 88 1
24 91 4
24 92 5
24 93 2
24 94 2
24 95 3
24 96 5
24 97 9
24 99 2
24 100 2
24 104 5
24 105 7
24 106 8
24 107 8
24 108 1
24 110 5
25 26 2
25 27 5
25 28 10
25 29 8
25 31 3
25 32 1
25 37 5
25 38 9
25 39 9
25 40 7
25 41 1
25 43 5
25 45 4
25 46 2
25 48 6
25 49 3
25 50 5
25 51 9
25 53 6
25 54 8
25 55 5
25 56 2
25 59 1
25 62 2
25 65 10
25 66 1
25 67 4
25 70 1
25 72 6
25 74 5
25 75 5
25 76 10
25 77 1
25 78 4
25 80 1
25 81 4
25 82 9
25 83 6
25 84 10
25 87 4
25 88 6
25 89 2
25 91 10
25 93 7
25 94 4
25 96 9
25 97 6
25 98 9
25 99 9
25 102 1
25 103 10
25 104 6
25 105 6
25 106 9
25 107 4
25 108 5
25 109 5
25 110 4
26 28 7
26 34 8
26 35 3
26 36 10
26 37 3
26 38 6
26 39 10
26 40 8
26 41 10
26 42 7
26 43 8
26 44 3
26 46 5
26 47 7
26 48 4
26 49 5
26 50 6
26 51 1
26 52 3
26 53 5
26 54 6
26 58 8
26 59 9
26 60 1
26 61 2
26 62 10
26 65 9
26 67 8
26 70 1
26 71 1
26 72 9
26 73 5
26 74 4
26 75 6
26 76 3
26 77 6
26 79 8
26 80 9
26 82 2
26 84 4
26 86 5
26 87 1
26 88 3
26 89 7
26 90 7
26 91 2
26 92 6
26 93 6
26 94 7
26 95 4
26 97 10
26 98 5
26 100 5
26 101 4
26 102 3
26 103 9
26 105 5
26 106 1
26 108 6
27 28 6
27 29 8
27 30 4
27 31 1
27 33 5
27 35 1
27 36 2
27 37 9
27 38 9
27 39 10
27 40 8
27 41 8
27 43 6
27 45 7
27 47 5
27 48 4
27 49 7
27 50 5
27 52 2
27 54 5
27 55 10
27 56 9
27 57 9
27 58 1
27 59 8
27 60 10
27 61 10
27 63 8
27 64 10
27 65 7
27 67 4
27 68 3
27 70 6
27 71 6
27 73 8
27 74 1
27 75 4
27 77 7
27 78 10
27 79 2
27 80 3
27 81 4
27 82 2
27 84 6
27 85 8
27 86 3
27 87 10
27 88 4
27 89 3
27 90 8
27 91 3
27 92 10
27 93 1
27 95 7
27 96 1
27 97 4
27 99 4
27 101 4
27 103 4
27 104 7
27 105 4
27 106 7
27 108 10
28 29 5
28 30 9
28 31 2
28 32 9
28 33 10
28 35 1
28 36 6
28 37 6
28 38 10
28 39 8
28 40 1
28 41 3
28 43 2
28 47 6
28 48 10
28 50 8
28 52 4
28 53 8
28 54 6
28 56 7
28 60 5
28 61 5
28 62 3
28 63 3
28 64 9
28 65 5
28 66 3
28 69 7
28 71 10
28 74 4
28 76 5
28 78 9
28 79 9
28 81 5
28 82 6
28 85 8
28 86 1
28 87 9
28 88 6
28 89 7
28 91 1
28 92 5
28 93 4
28 94 7
28 95 3
28 96 8
28 97 3
28 98 7
28 99 9
28 100 6
28 101 3
28 103 8
28 104 7
28 105 4
28 106 2
28 108 3
28 109 4
29 30 7
29 31 10
29 33 1
29 34 3
29 35 8
29 36 2
29 37 5
29 38 9
29 39 8
29 42 2
29 44 2
29 45 7
29 46 2
29 47 5
29 48 3
29 49 5
29 51 9
29 55 2
29 56 6
29 57 6
29 58 5
29 59 10
29 60 3
29 63 3
29 64 6
29 66 6
29 67 4
29 68 3
29 69 6
29 71 3
29 72 8
29 73 4
29 74 3
29 75 4
29 76 9
29 77 5
29 78 1
29 79 9
29 80 10
29 82 8
29 84 5
29 85 6
29 86 1
29 87 5
29 89 7
29 90 4
29 91 5
29 92 6
29 93 9
29 94 10
29 96 1
29 99 6
29 102 3
29 103 7
29 104 9
29 105 3
29 106 5
29 107 1
29 108 4
29 109 6
29 110 4
30 31 4
30 32 7
30 33 10
30 34 3
30 36 8
30 37 5
30 38 3
30 39 7
30 40 6
30 41 2
30 43 6
30 44 4
30 45 7
30 46 5
30 48 10
30 50 1
30 52 1
30 53 6
30 55 10
30 56 10
30 58 5
30 59 6
30 60 7
30 61 3
30 62 2
30 64 9
30 66 4
30 67 10
30 68 5
30 69 7
30 71 4
30 72 1
30 73 10
30 75 4
30 76 2
30 77 2
30 78 9
30 80 8
30 82 4
30 84 3
30 85 1
30 87 3
30 88 7
30 89 1
30 90 3
30 91 8
30 92 4
30 93 2
30 95 2
30 97 10
30 98 9
30 99 7
30 100 2
30 101 1
30 102 9
30 103 2
30 104 4
30 105 3
30 106 2
30 107 1
30 108 5
30 109 9
30 110 7
31 32 4
31 33 10
31 35 8
31 37 7
31 38 8
31 39 10
31 40 10
31 41 2
31 43 2
31 45 2
31 47 9
31 48 9
31 50 7
31 52 8
31 56 1
31 59 10
31 60 2
31 61 2
31 62 2
31 63 3
31 64 2
31 65 3
31 69 6
31 71 6
31 73 3
31 74 1
31 76 3
31 77 9
31 78 5
31 79 9
31 80 2
31 81 8
31 82 5
31 83 10
31 85 1
31 86 8
31 90 3
31 92 6
31 94 4
31 95 1
31 96 2
31 97 8
31 98 9
31 101 4
31 102 9
31 103 5
31 104 4
31 105 1
31 107 5
31 108 1
31 109 9
31 110 8
32 34 1
32 35 9
32 36 4
32 38 6
32 39 2
32 40 9
32 41 7
32 44 8
32 45 5
32 46 7
32 47 6
32 48 2
32 49 8
32 51 10
32 54 7
32 56 4
32 59 9
32 61 10
32 63 2
32 64 2
32 65 5
32 66 4
32 69 8
32 70 1
32 72 8
32 73 4
32 74 5
32 75 6
32 76 2
32 77 3
32 78 5
32 79 5
32 81 3
32 82 9
32 83 3
32 84 8
32 85 7
32 86 8
32 87 5
32 88 10
32 89 6
32 91 5
32 92 3
32 94 6
32 95 3
32 97 2
32 98 10
32 99 9
32 101 1
32 103 5
32 105 2
32 106 3
32 108 3
32 109 7
33 34 2
33 35 5
33 36 3
33 39 9
33 40 5
33 41 5
33 42 4
33 45 10
33 46 2
33 47 5
33 49 9
33 50 1
33 51 10
33 52 2
33 53 10
33 55 10
33 56 6
33 57 3
33 58 4
33 59 10
33 60 2
33 61 3
33 63 1
33 66 7
33 67 9
33 68 10
33 69 8
33 70 6
33 71 9
33 73 7
33 74 5
33 75 2
33 77 7
33 78 8
33 79 9
33 81 7
33 82 2
33 83 3
33 86 9
33 88 10
33 89 4
33 90 9
33 92 8
33 93 5
33 94 1
33 96 6
33 97 4
33 99 8
33 100 2
33 101 2
33 105 3
33 110 5
34 36 9
34 37 9
34 42 4
34 43 7
34 44 10
34 46 6
34 47 5
34 48 5
34 49 5
34 50 5
34 51 9
34 52 3
34 53 10
34 56 2
34 59 2
34 62 3
34 63 5
34 64 2
34 65 5
34 66 5
34 67 5
34 68 8
34 70 1
34 71 1
34 72 9
34 73 1
34 74 5
34 75 6
34 76 9
34 77 4
34 80 7
34 81 4
34 82 8
34 83 7
34 84 2
34 85 1
34 86 7
34 87 8
34 88 7
34 89 4
34 90 3
34 92 3
34 93 7
34 94 5
34 95 6
34 98 6
34 102 2
34 104 1
34 106 8
34 108 10
34 110 5
35 37 4
35 38 9
35 39 2
35 40 6
35 42 6
35 43 1
35 45 4
35 47 6
35 48 8
35 49 9
35 50 5
35 51 5
35 53 4
35 54 6
35 56 4
35 57 3
35 58 6
35 59 9
35 60 4
35 61 5
35 62 9
35 63 1
35 65 9
35 66 6
35 67 5
35 68 8
35 69 3
35 70 5
35 71 1
35 72 10
35 73 10
35 75 4
35 77 4
35 78 4
35 80 9
35 81 5
35 82 10
35 83 9
35 84 3
35 85 4
35 86 1
35 87 6
35 88 6
35 89 1
35 90 3
35 93 9
35 94 9
35 96 5
35 97 3
35 98 6
35 99 6
35 100 8
35 102 1
35 105 9
35 106 6
35 107 8
35 108 5
35 110 10
36 38 6
36 39 5
36 40 8
36 41 1
36 42 2
36 43 9
36 44 8
36 48 7
36 49 5
36 50 6
36 51 2
36 52 4
36 54 6
36 55 7
36 56 5
36 57 4
36 58 5
36 59 2
36 60 3
36 61 6
36 62 1
36 64 6
36 65 2
36 66 10
36 67 2
36 69 6
36 70 1
36 72 1
36 73 4
36 75 8
36 76 5
36 77 9
36 79 10
36 80 10
36 82 3
36 84 2
36 85 10
36 86 4
36 87 6
36 88 1
36 89 2
36 90 5
36 91 4
36 92 7
36 93 3
36 94 5
36 95 3
36 96 6
36 97 1
36 98 7
36 99 6
36 101 4
36 102 10
36 103 9
36 105 5
36 107 10
36 108 7
37 39 9
37 41 4
37 42 4
37 43 2
37 44 3
37 47 9
37 51 3
37 53 2
37 54 5
37 55 7
37 56 6
37 57 3
37 60 3
37 61 7
37 62 10
37 63 9
37 65 3
37 66 2
37 67 2
37 69 6
37 70 8
37 71 3
37 72 9
37 73 3
37 76 10
37 78 1
37 79 4
37 80 5
37 81 6
37 82 3
37 83 3
37 84 7
37 85 5
37 86 3
37 87 4
37 88 10
37 89 1
37 90 4
37 91 1
37 93 5
37 94 3
37 97 2
37 98 8
37 99 3
37 100 8
37 102 7
37 103 1
37 104 3
37 107 7
37 108 4
37 109 1
38 39 2
38 40 5
38 41 2
38 42 2
38 43 7
38 46 1
38 47 4
38 48 8
38 49 1
38 51 8
38 52 8
38 53 4
38 54 9
38 55 3
38 56 1
38 57 2
38 59 1
38 60 2
38 61 3
38 62 6
38 65 7
38 68 4
38 72 6
38 74 3
38 75 3
38 76 3
38 80 2
38 81 1
38 83 9
38 85 9
38 89 7
38 90 1
38 91 3
38 92 5
38 93 10
38 94 5
38 95 3
38 96 6
38 99 7
38 101 4
38 102 3
38 104 5
38 105 8
38 106 7
38 107 10
38 109 6
38 110 9
39 40 6
39 42 7
39 44 4
39 45 6
39 46 5
39 47 1
39 49 3
39 50 2
39 53 3
39 55 1
39 56 8
39 58 6
39 59 4
39 61 1
39 62 10
39 63 5
39 64 9
39 66 6
39 68 5
39 69 10
39 70 9
39 72 7
39 74 8
39 76 8
39 78 3
39 79 7
39 80 9
39 82 5
39 86 9
39 87 8
39 89 3
39 91 10
39 92 6
39 93 5
39 94 6
39 95 1
39 96 3
39 97 4
39 98 7
39 99 2
39 100 10
39 101 7
39 102 4
39 103 7
39 105 6
39 106 8
39 109 6
39 110 3
40 41 4
40 42 4
40 44 5
40 46 7
40 48 6
40 49 8
40 50 2
40 52 1
40 53 6
40 54 7
40 55 2
40 56 8
40 57 7
40 58 7
40 60 8
40 62 6
40 64 2
40 65 5
40 66 1
40 67 4
40 68 5
40 69 3
40 70 6
40 71 5
40 73 6
40 74 5
40 77 4
40 78 10
40 79 1
40 80 4
40 83 1
40 85 2
40 86 2
40 87 10
40 88 5
40 89 5
40 90 8
40 92 4
40 93 4
40 95 6
40 97 3
40 98 8
40 99 7
40 101 3
40 102 9
40 104 10
40 105 8
40 106 6
40 107 1
40 109 10
41 42 1
41 45 3
41 47 8
41 48 1
41 49 3
41 51 2
41 52 5
41 54 10
41 57 6
41 59 8
41 63 9
41 64 2
41 65 10
41 67 4
41 68 7
41 69 4
41 70 9
41 71 10
41 72 8
41 73 10
41 75 5
41 76 3
41 78 10
41 79 2
41 80 2
41 81 4
41 82 5
41 83 9
41 84 4
41 85 10
41 86 3
41 89 6
41 91 1
41 92 10
41 94 8
41 95 10
41 96 3
41 97 5
41 98 10
41 99 5
41 101 6
41 102 5
41 103 5
41 104 3
41 106 6
41 107 7
41 108 10
41 109 3
41 110 8
42 44 4
42 45 1
42 46 9
42 47 8
42 49 6
42 51 6
42 52 1
42 53 8
42 54 7
42 56 2
42 57 4
42 59 9
42 60 7
42 61 9
42 62 7
42 63 2
42 64 4
42 66 5
42 67 9
42 69 5
42 70 8
42 73 8
42 74 5
42 75 4
42 76 1
42 77 10
42 78 9
42 79 3
42 80 5
42 81 10
42 82 2
42 84 3
42 85 8
42 86 4
42 87 2
42 88 6
42 89 5
42 90 10
42 91 9
42 92 10
42 93 10
42 94 5
42 95 8
42 96 2
42 97 7
42 98 8
42 99 2
42 100 8
42 102 1
42 103 8
42 105 8
42 106 3
42 107 3
42 108 1
42 109 8
43 44 6
43 45 6
43 46 10
43 47 5
43 48 6
43 49 4
43 50 8
43 52 6
43 53 2
43 54 2
43 55 3
43 56 3
43 57 2
43 58 5
43 59 10
43 61 5
43 62 10
43 64 3
43 65 4
43 67 3
43 69 7
43 70 2
43 71 1
43 72 5
43 73 2
43 74 7
43 75 6
43 76 4
43 78 3
43 79 10
43 80 8
43 81 9
43 82 8
43 84 4
43 85 10
43 86 9
43 87 6
43 88 2
43 89 3
43 93 10
43 94 5
43 95 7
43 96 10
43 98 10
43 99 6
43 100 9
43 101 9
43 103 4
43 104 1
43 105 9
43 106 3
43 107 5
43 108 8
43 109 7
43 110 4
44 45 5
44 46 10
44 47 7
44 48 10
44 49 7
44 50 10
44 53 9
44 54 9
44 55 3
44 56 2
44 57 6
44 58 9
44 61 1
44 62 8
44 63 7
44 64 7
44 67 2
44 69 9
44 70 3
44 71 6
44 73 1
44 74 8
44 75 1
44 76 6
44 77 2
44 78 2
44 79 3
44 80 3
44 81 6
44 82 2
44 83 2
44 84 1
44 85 1
44 86 5
44 87 5
44 89 9
44 90 5
44 91 4
44 93 9
44 94 9
44 97 9
44 98 9
44 99 3
44 101 2
44 102 8
44 103 1
44 105 9
44 107 9
44 108 2
44 110 9
45 47 3
45 48 9
45 49 6
45 50 3
45 53 3
45 55 9
45 56 1
45 58 6
45 62 1
45 63 2
45 64 7
45 65 5
45 66 3
45 67 9
45 68 10
45 69 9
45 70 2
45 71 7
45 72 9
45 73 8
45 74 2
45 75 8
45 77 8
45 78 7
45 80 3
45 83 1
45 84 10
45 87 8
45 92 5
45 93 6
45 94 3
45 96 10
45 97 5
45 100 9
45 101 2
45 102 7
45 103 4
45 104 10
45 105 10
45 106 8
45 107 7
45 108 3
46 47 7
46 49 5
46 50 6
46 51 6
46 52 5
46 53 5
46 55 2
46 56 7
46 58 5
46 59 1
46 60 1
46 61 4
46 62 4
46 63 6
46 65 5
46 66 2
46 67 7
46 69 6
46 71 2
46 73 10
46 74 1
46 76 3
46 77 3
46 78 8
46 80 6
46 81 4
46 82 9
46 84 6
46 86 8
46 87 9
46 88 8
46 89 3
46 93 8
46 94 2
46 95 6
46 101 1
46 102 4
46 104 4
46 105 8
46 106 9
46 107 7
46 108 6
46 109 8
47 52 7
47 53 8
47 54 5
47 55 2
47 61 10
47 65 2
47 66 3
47 67 10
47 68 7
47 70 4
47 72 9
47 73 1
47 74 9
47 75 1
47 76 5
47 77 9
47 78 4
47 79 4
47 80 4
47 81 2
47 82 9
47 86 7
47 87 2
47 88 10
47 89 3
47 90 5
47 91 10
47 92 2
47 93 10
47 95 2
47 96 9
47 98 10
47 99 10
47 101 3
47 102 3
47 103 5
47 104 5
47 105 6
47 107 9
47 108 2
48 49 4
48 50 4
48 51 5
48 52 8
48 53 2
48 55 3
48 58 1
48 61 5
48 62 9
48 63 5
48 65 7
48 67 4
48 68 10
48 70 7
48 71 6
48 72 3
48 73 2
48 74 6
48 75 8
48 76 6
48 77 10
48 78 7
48 79 8
48 82 5
48 83 10
48 84 9
48 85 1
48 89 6
48 90 1
48 91 1
48 92 7
48 93 1
48 94 3
48 95 8
48 97 7
48 98 7
48 99 9
48 101 4
48 102 6
48 103 6
48 104 2
48 106 7
48 107 8
48 108 4
48 110 9
49 50 7
49 51 2
49 52 8
49 53 2
49 54 5
49 56 6
49 57 5
49 58 1
49 59 8
49 60 2
49 61 9
49 63 7
49 65 8
49 66 5
49 68 6
49 70 4
49 72 8
49 73 5
49 76 3
49 77 3
49 79 6
49 80 7
49 83 6
49 84 2
49 85 6
49 86 4
49 87 5
49 88 9
49 90 5
49 91 4
49 92 6
49 94 1
49 96 5
49 97 7
49 100 2
49 101 6
49 102 9
49 103 8
49 104 10
49 107 8
49 108 6
49 109 5
50 52 9
50 53 1
50 55 8
50 56 1
50 57 4
50 58 10
50 59 2
50 60 8
50 61 10
50 62 4
50 63 5
50 64 4
50 65 7
50 66 5
50 67 3
50 68 7
50 69 3
50 70 8
50 71 4
50 72 1
50 73 5
50 78 5
50 79 8
50 80 3
50 81 1
50 83 1
50 84 10
50 86 4
50 89 2
50 91 9
50 92 7
50 94 4
50 95 2
50 96 1
50 97 2
50 98 9
50 99 3
50 100 6
50 102 4
50 103 10
50 104 9
50 106 9
50 108 3
50 109 7
50 110 6
51 52 3
51 53 10
51 55 1
51 57 7
51 59 8
51 60 4
51 61 3
51 65 3
51 66 8
51 69 10
51 70 1
51 75 4
51 77 1
51 79 3
51 80 1
51 81 7
51 82 2
51 83 5
51 84 6
51 86 5
51 87 1
51 88 6
51 89 9
51 90 9
51 91 1
51 92 8
51 93 1
51 94 7
51 95 1
51 96 5
51 97 5
51 101 7
51 102 6
51 105 3
51 106 2
51 109 8
52 53 5
52 54 8
52 55 3
52 56 1
52 57 7
52 58 3
52 59 2
52 60 9
52 61 4
52 62 6
52 63 3
52 64 2
52 66 8
52 67 4
52 69 10
52 70 1
52 71 7
52 72 1
52 74 2
52 75 2
52 76 4
52 77 1
52 78 1
52 79 9
52 80 8
52 81 7
52 83 6
52 85 3
52 86 9
52 87 2
52 88 2
52 90 9
52 91 5
52 93 3
52 94 2
52 95 4
52 96 10
52 97 9
52 98 7
52 100 7
52 101 4
52 104 2
52 105 10
52 106 1
52 107 8
52 108 10
53 54 2
53 55 8
53 58 4
53 59 6
53 60 1
53 61 4
53 63 7
53 64 1
53 65 6
53 67 9
53 68 4
53 69 2
53 70 2
53 71 4
53 72 4
53 73 9
53 75 6
53 77 8
53 80 5
53 81 4
53 82 4
53 83 7
53 84 9
53 85 5
53 86 9
53 87 1
53 88 10
53 89 4
53 91 1
53 92 10
53 93 9
53 94 10
53 96 8
53 97 3
53 98 1
53 99 10
53 100 6
53 102 5
53 104 10
53 105 10
53 106 8
53 107 10
53 109 9
53 110 5
54 55 7
54 56 3
54 57 10
54 58 9
54 60 3
54 61 2
54 62 4
54 63 4
54 64 7
54 65 7
54 66 5
54 69 5
54 70 3
54 71 2
54 73 9
54 74 1
54 75 1
54 76 3
54 77 1
54 78 3
54 79 4
54 80 8
54 81 5
54 82 4
54 83 6
54 84 7
54 85 1
54 87 3
54 88 2
54 89 5
54 91 9
54 93 6
54 94 1
54 96 8
54 97 4
54 98 5
54 99 2
54 100 2
54 104 5
54 106 2
54 107 3
54 108 8
54 110 6
55 57 5
55 58 2
55 59 4
55 60 7
55 61 5
55 62 7
55 63 3
55 65 5
55 68 9
55 69 6
55 70 2
55 71 7
55 72 1
55 73 2
55 74 6
55 75 8
55 76 3
55 77 6
55 78 8
55 80 3
55 82 4
55 83 10
55 84 10
55 86 2
55 87 9
55 88 5
55 89 1
55 90 9
55 91 2
55 94 5
55 95 2
55 96 8
55 97 2
55 99 3
55 100 6
55 102 5
55 103 5
55 105 9
55 106 1
55 107 1
55 108 9
55 109 1
55 110 6
56 58 6
56 59 2
56 61 3
56 63 5
56 64 1
56 65 9
56 68 10
56 69 10
56 72 2
56 74 6
56 75 4
56 77 1
56 78 10
56 80 4
56 81 4
56 82 5
56 83 3
56 84 2
56 85 10
56 87 2
56 88 7
56 89 6
56 90 8
56 91 3
56 93 3
56 95 8
56 97 6
56 98 3
56 99 3
56 100 10
56 101 8
56 102 6
56 103 9
56 104 1
56 105 9
56 106 10
56 107 6
56 109 8
57 59 4
57 61 1
57 62 8
57 63 3
57 64 7
57 67 2
57 68 8
57 69 2
57 70 2
57 71 7
57 72 10
57 73 4
57 74 3
57 75 5
57 76 4
57 78 8
57 79 9
57 80 6
57 81 8
57 83 8
57 85 9
57 86 7
57 89 1
57 93 1
57 94 2
57 95 1
57 96 3
57 98 2
57 99 5
57 101 6
57 102 4
57 103 2
57 104 5
57 105 3
57 107 1
57 108 9
57 109 2
58 59 2
58 61 7
58 62 1
58 64 4
58 65 10
58 66 4
58 67 3
58 68 4
58 69 8
58 70 5
58 71 8
58 72 6
58 73 4
58 75 10
58 76 2
58 78 1
58 79 3
58 81 9
58 82 9
58 84 10
58 85 3
58 86 8
58 87 5
58 88 10
58 89 7
58 90 3
58 91 3
58 92 8
58 93 10
58 95 5
58 97 5
58 98 10
58 100 9
58 101 6
58 102 10
58 103 4
58 104 7
58 107 8
58 108 4
58 109 7
59 61 1
59 62 7
59 63 4
59 65 7
59 67 2
59 68 8
59 69 5
59 70 9
59 71 6
59 72 1
59 73 5
59 74 1
59 76 6
59 77 4
59 78 6
59 80 3
59 81 3
59 84 8
59 85 1
59 86 2
59 87 9
59 88 6
59 89 8
59 90 10
59 91 5
59 92 10
59 93 6
59 94 7
59 96 4
59 97 5
59 98 10
59 101 10
59 102 7
59 103 3
59 104 7
59 106 8
59 108 4
59 109 8
59 110 5
60 62 8
60 63 1
60 64 3
60 65 1
60 66 2
60 67 3
60 68 9
60 69 7
60 70 1
60 71 8
60 72 1
60 73 1
60 76 8
60 77 4
60 78 10
60 79 8
60 80 10
60 81 9
60 82 4
60 83 8
60 85 5
60 87 1
60 88 8
60 90 3
60 93 7
60 94 3
60 95 7
60 96 10
60 98 1
60 99 5
60 100 10
60 101 4
60 102 10
60 103 10
60 104 4
60 105 3
60 106 4
60 107 1
60 108 6
60 110 2
61 62 3
61 63 5
61 64 4
61 65 2
61 66 6
61 67 6
61 68 9
61 69 7
61 71 6
61 74 2
61 75 3
61 76 9
61 77 8
61 78 5
61 79 10
61 80 8
61 81 1
61 83 10
61 85 7
61 86 6
61 87 4
61 88 6
61 90 2
61 91 2
61 92 3
61 93 2
61 95 1
61 96 1
61 97 7
61 98 9
61 100 10
61 103 6
61 104 9
61 105 7
61 107 9
61 109 1
62 63 5
62 65 1
62 66 10
62 67 9
62 68 4
62 69 9
62 70 2
62 72 2
62 73 10
62 74 2
62 76 5
62 77 1
62 78 10
62 81 2
62 82 9
62 83 2
62 85 3
62 86 2
62 88 6
62 89 6
62 90 6
62 91 7
62 92 4
62 93 2
62 95 10
62 96 4
62 97 1
62 99 2
62 100 8
62 101 9
62 102 3
62 104 8
62 106 7
62 107 10
62 108 4
62 109 1
62 110 8
63 64 8
63 65 9
63 67 6
63 68 2
63 69 10
63 70 6
63 72 8
63 74 10
63 75 3
63 76 6
63 77 6
63 78 10
63 79 10
63 80 1
63 81 2
63 82 4
63 84 2
63 85 9
63 86 5
63 88 1
63 89 3
63 90 3
63 91 4
63 93 3
63 94 10
63 95 6
63 96 8
63 99 9
63 100 8
63 102 2
63 103 1
63 105 2
63 106 9
63 107 2
63 108 8
63 110 4
64 65 1
64 66 5
64 67 2
64 68 7
64 69 4
64 71 7
64 72 6
64 74 2
64 75 9
64 76 8
64 77 2
64 78 2
64 79 8
64 80 1
64 83 10
64 85 8
64 86 3
64 87 10
64 88 2
64 89 3
64 90 3
64 91 8
64 94 6
64 95 7
64 97 5
64 98 1
64 99 8
64 102 10
64 103 2
64 104 9
64 105 5
64 107 2
64 108 8
64 109 1
65 66 2
65 67 8
65 68 5
65 69 3
65 70 8
65 71 9
65 72 9
65 73 3
65 74 5
65 75 3
65 76 4
65 81 7
65 82 2
65 83 6
65 84 4
65 85 2
65 86 9
65 88 9
65 89 9
65 90 2
65 91 6
65 92 5
65 94 4
65 98 4
65 99 1
65 100 3
65 102 5
65 103 9
65 104 1
65 107 9
65 108 6
65 109 8
66 67 8
66 68 4
66 69 7
66 70 6
66 71 8
66 72 2
66 75 9
66 76 8
66 78 1
66 79 3
66 80 4
66 81 9
66 82 6
66 83 5
66 84 10
66 86 4
66 89 7
66 92 6
66 93 9
66 94 4
66 95 5
66 96 9
66 97 10
66 98 4
66 99 7
66 100 4
66 101 3
66 102 7
66 103 4
66 104 7
66 106 1
66 107 4
66 109 3
67 68 9
67 69 2
67 71 6
67 72 10
67 73 3
67 74 2
67 75 10
67 77 8
67 78 6
67 79 4
67 80 8
67 81 5
67 82 1
67 83 1
67 84 8
67 85 4
67 87 5
67 88 10
67 90 5
67 91 6
67 92 9
67 93 8
67 94 1
67 95 5
67 96 9
67 97 6
67 98 8
67 99 5
67 100 5
67 101 8
67 102 4
67 103 9
67 104 7
67 106 3
67 107 8
67 110 4
68 69 3
68 70 2
68 71 3
68 73 9
68 75 2
68 77 6
68 79 1
68 80 1
68 81 4
68 82 5
68 83 7
68 84 10
68 85 10
68 87 7
68 88 3
68 89 3
68 90 3
68 92 3
68 93 3
68 94 3
68 95 7
68 96 5
68 97 3
68 98 5
68 101 10
68 102 3
68 103 10
68 104 10
68 106 3
68 107 6
68 108 1
68 109 4
69 70 2
69 71 5
69 72 1
69 73 9
69 74 7
69 75 7
69 77 4
69 80 10
69 81 1
69 83 6
69 84 4
69 85 7
69 87 1
69 88 3
69 89 1
69 90 1
69 91 9
69 92 10
69 93 5
69 94 9
69 95 5
69 97 6
69 99 3
69 100 1
69 101 8
69 102 8
69 103 2
69 104 3
69 105 10
69 106 4
69 108 2
70 72 5
70 73 5
70 74 2
70 76 4
70 77 3
70 78 3
70 81 10
70 83 9
70 84 9
70 85 10
70 86 5
70 88 9
70 89 2
70 90 10
70 92 4
70 93 7
70 94 5
70 95 5
70 97 2
70 98 10
70 99 10
70 100 9
70 101 6
70 103 4
70 104 10
70 105 9
70 106 1
70 108 1
70 110 3
71 72 7
71 73 2
71 75 2
71 76 7
71 77 8
71 80 1
71 81 5
71 84 10
71 86 7
71 87 5
71 88 10
71 89 10
71 90 9
71 91 7
71 92 9
71 93 4
71 94 2
71 95 9
71 96 3
71 97 1
71 98 6
71 99 7
71 101 4
71 102 1
71 103 4
71 105 10
71 106 9
71 107 1
71 110 2
72 73 3
72 74 7
72 76 8
72 78 7
72 81 7
72 83 1
72 84 4
72 85 5
72 86 5
72 88 10
72 89 1
72 90 6
72 91 3
72 92 5
72 93 9
72 94 6
72 96 1
72 97 7
72 98 6
72 100 8
72 101 2
72 102 2
72 103 3
72 104 10
72 106 4
72 108 7
72 109 9
72 110 10
73 74 7
73 76 8
73 77 4
73 78 10
73 79 9
73 80 5
73 81 6
73 84 1
73 85 5
73 86 10
73 87 7
73 88 7
73 89 2
73 90 6
73 91 5
73 92 7
73 93 7
73 94 8
73 95 3
73 96 3
73 97 4
73 98 8
73 99 2
73 100 4
73 101 3
73 102 6
73 103 2
73 104 5
73 105 5
73 107 3
73 108 10
73 109 6
73 110 2
74 75 4
74 76 7
74 77 2
74 78 5
74 79 3
74 80 5
74 82 1
74 83 6
74 84 9
74 85 7
74 86 9
74 87 3
74 88 10
74 91 1
74 92 8
74 94 6
74 96 4
74 97 7
74 101 7
74 102 2
74 103 7
74 104 4
74 106 8
74 107 6
74 109 7
74 110 8
75 76 5
75 77 8
75 78 4
75 79 9
75 82 2
75 83 7
75 84 2
75 85 7
75 87 4
75 88 1
75 89 3
75 90 3
75 91 1
75 94 1
75 95 1
75 96 2
75 99 1
75 100 6
75 102 7
75 103 9
75 104 10
75 105 2
75 106 4
75 107 4
75 108 7
75 109 9
75 110 2
76 78 1
76 79 10
76 80 2
76 81 5
76 82 7
76 83 1
76 84 8
76 87 3
76 89 4
76 90 6
76 91 1
76 92 7
76 93 4
76 96 1
76 97 6
76 100 5
76 101 8
76 102 8
76 105 8
76 106 1
76 107 1
76 108 3
77 78 4
77 79 9
77 81 3
77 83 9
77 84 8
77 85 7
77 86 3
77 88 4
77 89 9
77 92 3
77 93 6
77 95 10
77 96 3
77 97 9
77 99 9
77 102 5
77 103 9
77 105 1
77 106 5
77 107 10
77 108 6
77 110 4
78 79 1
78 80 3
78 81 4
78 82 3
78 85 8
78 86 1
78 87 6
78 88 1
78 89 3
78 90 3
78 91 1
78 94 3
78 98 9
78 99 2
78 100 1
78 101 6
78 102 5
78 104 9
78 105 2
78 106 10
78 107 1
78 108 5
78 109 8
78 110 10
79 80 1
79 81 4
79 83 7
79 85 3
79 88 4
79 90 4
79 94 1
79 95 1
79 96 4
79 98 4
79 99 8
79 103 8
79 105 6
79 106 10
79 107 3
79 110 7
80 81 2
80 83 4
80 84 10
80 86 9
80 87 1
80 89 8
80 90 3
80 91 1
80 92 2
80 93 10
80 94 6
80 96 9
80 97 8
80 98 6
80 100 10
80 101 8
80 102 8
80 104 6
80 105 10
80 107 1
80 108 5
80 109 4
80 110 4
81 82 5
81 84 1
81 85 1
81 86 1
81 87 8
81 88 7
81 89 3
81 90 9
81 92 6
81 95 1
81 96 2
81 97 9
81 98 10
81 99 6
81 100 5
81 102 10
81 103 8
81 104 9
81 105 7
81 106 10
81 107 10
81 108 4
81 109 1
81 110 4
82 83 3
82 85 9
82 86 1
82 87 10
82 88 4
82 89 3
82 90 7
82 91 5
82 92 2
82 93 2
82 95 7
82 96 1
82 97 2
82 98 10
82 99 9
82 102 10
82 103 5
82 104 9
82 106 7
82 109 5
83 84 1
83 86 8
83 87 4
83 88 5
83 90 2
83 91 6
83 92 4
83 93 4
83 95 8
83 98 9
83 100 9
83 101 5
83 102 4
83 103 3
83 105 7
83 106 7
83 107 2
83 108 5
83 109 9
83 110 3
84 85 5
84 86 1
84 87 10
84 88 4
84 89 8
84 91 1
84 93 9
84 94 7
84 95 7
84 96 6
84 97 8
84 98 3
84 99 5
84 100 3
84 103 5
84 105 1
84 106 5
84 108 6
84 109 6
84 110 9
85 86 2
85 87 3
85 88 2
85 90 7
85 91 9
85 92 6
85 93 6
85 94 5
85 95 6
85 96 9
85 97 8
85 98 3
85 100 5
85 101 3
85 102 8
85 103 6
85 104 8
85 106 9
85 107 10
85 109 6
86 87 8
86 88 10
86 91 7
86 92 3
86 94 10
86 96 6
86 97 10
86 99 9
86 100 9
86 102 2
86 103 4
86 104 5
86 105 3
86 106 4
86 107 1
86 109 2
86 110 4
87 90 10
87 92 10
87 93 6
87 95 4
87 96 4
87 98 1
87 99 5
87 100 1
87 101 3
87 102 9
87 103 1
87 105 4
87 106 10
87 107 10
87 109 3
87 110 10
88 89 7
88 90 2
88 91 1
88 92 9
88 93 9
88 94 4
88 96 7
88 97 9
88 98 2
88 99 4
88 101 7
88 103 2
88 104 9
88 105 10
88 106 1
88 107 4
88 108 8
88 110 3
89 90 4
89 92 6
89 93 2
89 94 8
89 95 8
89 96 4
89 99 3
89 100 9
89 102 7
89 103 1
89 104 9
89 105 6
89 107 1
89 108 9
89 110 10
90 91 5
90 93 8
90 94 3
90 95 1
90 96 5
90 97 7
90 98 8
90 99 10
90 100 3
90 101 9
90 103 10
90 104 1
90 105 8
90 106 4
90 107 5
90 108 6
90 109 7
90 110 9
91 93 2
91 95 8
91 97 10
91 98 9
91 99 9
91 100 2
91 101 2
91 102 8
91 103 9
91 104 2
91 105 10
91 106 6
91 107 8
91 108 6
91 109 1
91 110 10
92 93 9
92 94 2
92 95 8
92 96 10
92 97 4
92 98 1
92 99 9
92 100 2
92 101 4
92 106 7
92 108 8
93 95 4
93 96 4
93 97 3
93 98 3
93 99 9
93 102 9
93 103 10
93 104 8
93 105 1
93 106 10
93 107 8
93 108 3
93 110 6
94 95 9
94 96 8
94 97 10
94 98 10
94 99 8
94 100 2
94 101 9
94 102 7
94 103 8
94 104 10
94 105 8
94 106 4
94 107 8
94 110 5
95 96 2
95 97 4
95 98 8
95 101 7
95 102 7
95 105 7
95 107 6
95 108 1
95 109 7
95 110 5
96 97 6
96 99 5
96 101 7
96 103 1
96 104 6
96 105 8
96 106 3
96 108 10
96 109 4
96 110 9
97 98 8
97 99 1
97 100 8
97 101 10
97 102 5
97 103 2
97 104 4
97 105 8
97 107 1
97 109 9
97 110 9
98 99 7
98 100 7
98 101 6
98 103 8
98 104 8
98 105 3
98 106 6
98 108 6
98 109 2
98 110 3
99 100 2
99 101 10
99 102 3
99 103 3
99 104 10
99 105 4
99 106 2
99 107 2
99 108 1
100 101 8
100 104 4
100 105 9
100 106 3
100 107 7
100 108 8
100 109 3
100 110 6
101 104 1
101 106 8
101 107 3
101 108 4
101 109 3
102 103 3
102 104 7
102 105 6
102 106 5
102 107 10
102 108 4
102 109 7
103 106 7
103 107 8
103 108 5
104 106 6
104 107 9
104 109 9
105 106 9
105 107 1
105 108 5
105 110 5
106 109 8
106 110 1
107 109 5
108 110 9
109 110 8
