31 203 1 17
1 7 2
1 11 3
1 15 4
1 17 2
1 18 2
1 19 5
1 20 1
1 23 1
1 24 3
1 25 1
1 27 7
1 28 9
1 29 6
1 30 5
2 3 3
2 6 9
2 9 1
2 10 2
2 11 1
2 17 3
2 18 2
2 19 7
2 20 3
2 22 6
2 23 1
2 24 1
2 25 9
2 26 5
2 29 1
2 30 10
2 31 6
3 10 2
3 11 1
3 14 9
3 15 8
3 17 5
3 18 6
3 20 5
3 23 3
3 27 8
3 31 3
4 9 1
4 10 6
4 11 5
4 13 4
4 14 3
4 15 9
4 16 7
4 17 2
4 21 8
4 25 1
4 27 6
4 30 2
5 7 8
5 8 10
5 10 2
5 14 9
5 17 10
5 19 3
5 22 6
5 24 2
5 25 4
5 26 2
5 27 10
5 28 9
6 7 8
6 8 9
6 9 1
6 11 2
6 12 2
6 15 7
6 17 6
6 21 7
6 24 3
6 25 3
6 26 7
7 8 4
7 17 7
7 18 6
7 19 3
7 21 7
7 22 6
7 24 10
7 26 7
8 14 10
8 16 8
8 18 8
8 20 8
8 21 6
8 22 2
8 23 6
8 26 1
8 28 9
8 29 10
9 11 7
9 12 7
9 13 1
9 15 1
9 17 4
9 20 8
9 25 8
9 26 8
9 28 5
9 29 8
9 31 2
10 11 5
10 13 2
10 14 8
10 17 8
10 22 6
10 24 3
10 27 6
10 31 5
11 15 1
11 16 6
11 25 4
11 26 2
11 30 6
12 13 7
12 16 8
12 17 5
12 18 5
12 21 10
12 23 1
12 26 2
12 27 6
12 29 4
12 30 1
12 31 1
13 15 5
13 17 3
13 20 7
13 22 5
13 23 1
13 28 9
13 30 4
14 16 8
14 21 2
14 22 4
14 23 9
14 24 10
14 25 7
14 27 8
14 30 2
14 31 5
15 17 4
15 18 8
15 19 3
15 23 4
15 24 1
15 26 3
15 28 4
15 29 2
15 31 3
16 17 10
16 20 7
16 21 8
16 22 3
16 24 7
16 28 5
17 21 8
17 24 6
18 21 5
18 24 8
18 26 5
18 28 1
18 31 8
19 21 9
19 25 6
19 26 9
19 28 7
19 30 8
19 31 10
20 21 9
20 23 10
20 24 9
20 26 3
20 27 9
20 28 10
20 29 8
20 30 2
21 23 7
21 24 6
21 25 3
21 26 6
22 23 2
22 24 10
22 25 2
22 26 5
22 30 2
23 24 8
23 27 9
24 28 2
24 31 4
25 26 4
25 28 3
26 28 3
26 31 4
27 28 6
27 31 7
28 30 7
29 30 1
30 31 10
