264 2642 0 24
1 50 6
1 67 8
1 86 5
1 92 2
1 111 4
1 138 9
1 143 4
1 144 1
1 148 3
1 152 9
1 153 2
1 173 7
1 175 9
1 190 7
1 210 1
1 222 4
1 252 10
2 12 7
2 42 1
2 63 5
2 66 4
2 80 6
2 96 7
2 97 4
2 99 7
2 139 5
2 172 9
2 173 8
2 178 8
2 213 2
2 224 2
2 236 6
2 251 9
3 32 2
3 34 10
3 54 10
3 64 8
3 71 10
3 137 4
3 158 1
3 169 9
3 177 6
3 183 10
3 188 6
3 206 2
3 211 2
3 242 10
4 11 1
4 15 8
4 35 7
4 56 10
4 75 8
4 83 5
4 93 1
4 115 5
4 121 1
4 129 10
4 134 8
4 145 3
4 175 4
4 181 3
4 184 3
4 187 4
4 209 7
4 210 1
4 216 4
4 217 6
4 227 5
4 229 3
4 232 9
4 244 9
4 250 8
4 253 8
5 10 4
5 22 1
5 41 8
5 80 5
5 81 8
5 120 10
5 125 2
5 128 6
5 150 6
5 171 2
5 200 9
5 211 2
5 236 4
5 246 10
6 15 10
6 23 10
6 31 5
6 41 10
6 49 7
6 63 9
6 94 10
6 135 9
6 142 9
6 181 6
6 190 10
6 195 9
6 197 5
6 201 6
6 207 5
6 236 3
6 261 5
7 34 7
7 43 10
7 56 10
7 59 4
7 94 3
7 126 6
7 144 5
7 145 5
7 155 8
7 156 1
7 162 6
7 164 5
7 165 3
7 189 6
7 210 10
7 211 7
7 213 10
7 241 8
7 263 4
7 264 4
8 37 3
8 39 3
8 46 1
8 49 7
8 51 10
8 55 3
8 69 6
8 70 2
8 76 7
8 100 5
8 108 1
8 111 5
8 129 2
8 156 1
8 167 9
8 173 5
8 203 8
8 204 6
8 210 8
8 217 3
8 221 5
8 245 2
8 248 5
9 24 3
9 30 1
9 32 6
9 85 4
9 97 7
9 116 3
9 131 7
9 132 3
9 140 10
9 165 8
9 169 9
9 174 9
9 179 10
9 182 6
9 194 7
9 197 10
9 199 10
9 213 2
9 229 3
9 245 9
9 249 2
10 90 5
10 112 10
10 117 2
10 125 4
10 127 6
10 128 3
10 140 1
10 149 7
10 154 3
10 159 3
10 166 7
10 177 2
10 178 9
10 184 10
10 187 4
10 189 1
10 204 7
10 217 3
10 235 9
10 237 2
10 247 8
10 261 8
10 263 7
11 19 1
11 31 8
11 40 8
11 65 8
11 72 3
11 82 2
11 99 9
11 114 7
11 128 3
11 135 10
11 163 7
11 174 10
11 203 8
11 204 5
11 212 9
11 226 1
11 228 6
11 229 2
12 48 2
12 51 9
12 56 9
12 78 1
12 88 1
12 102 3
12 108 3
12 151 10
12 154 5
12 190 6
12 198 8
12 204 6
12 228 2
13 23 1
13 33 3
13 54 5
13 93 7
13 131 1
13 150 1
13 198 4
13 208 4
13 211 9
13 231 9
13 232 9
13 248 10
13 251 7
13 260 9
14 15 10
14 28 9
14 29 1
14 38 3
14 76 5
14 87 4
14 112 8
14 117 6
14 120 5
14 139 6
14 145 8
14 187 9
14 198 4
14 233 10
14 249 8
14 252 5
15 72 2
15 96 5
15 99 3
15 106 8
15 108 2
15 123 10
15 146 6
15 147 7
15 152 5
15 191 7
15 200 10
15 231 7
15 239 7
16 35 7
16 44 10
16 53 1
16 55 8
16 78 6
16 81 7
16 90 9
16 97 10
16 101 7
16 118 9
16 126 10
16 131 6
16 137 4
16 143 4
16 145 9
16 157 1
16 169 10
16 194 3
16 215 1
16 228 3
16 232 10
16 255 2
17 23 2
17 37 6
17 46 5
17 69 7
17 72 5
17 75 10
17 83 2
17 88 2
17 111 9
17 133 9
17 135 6
17 140 6
17 152 6
17 170 6
17 205 10
17 234 6
18 20 5
18 22 10
18 41 2
18 43 4
18 47 7
18 74 7
18 79 4
18 84 4
18 91 4
18 92 5
18 110 9
18 118 5
18 133 8
18 148 8
18 151 8
18 163 7
18 165 5
18 184 7
18 189 6
18 193 3
18 198 5
18 223 4
18 236 3
18 246 1
19 22 3
19 23 1
19 38 4
19 77 4
19 84 2
19 113 1
19 153 2
19 191 2
19 197 9
19 198 8
19 204 5
19 209 5
19 220 5
19 222 2
20 42 4
20 46 10
20 52 9
20 65 9
20 83 9
20 88 10
20 89 10
20 95 8
20 112 7
20 116 4
20 135 9
20 136 7
20 142 4
20 146 9
20 147 9
20 149 10
20 165 6
20 193 4
20 213 2
20 219 5
20 221 9
20 239 1
20 243 7
21 23 1
21 52 1
21 58 3
21 65 2
21 66 5
21 68 8
21 75 3
21 85 2
21 106 9
21 120 9
21 122 7
21 126 9
21 130 3
21 134 9
21 135 2
21 136 8
21 141 8
21 145 7
21 152 4
21 205 8
21 208 6
21 217 2
21 224 1
21 225 7
22 36 8
22 86 9
22 93 9
22 97 10
22 161 7
22 170 7
22 175 5
22 196 7
22 197 7
22 204 1
22 218 10
22 224 1
22 228 4
22 231 6
22 232 9
22 239 5
22 252 5
22 253 7
22 263 2
23 63 10
23 65 1
23 67 4
23 101 2
23 107 2
23 121 3
23 123 6
23 139 6
23 147 10
23 171 8
23 184 1
23 214 2
23 254 10
24 37 3
24 49 1
24 76 9
24 84 6
24 102 8
24 110 6
24 123 1
24 167 3
24 169 10
24 192 2
24 198 5
24 207 2
24 209 2
24 213 6
24 234 3
24 241 6
25 40 1
25 51 3
25 72 9
25 74 9
25 80 8
25 84 4
25 86 9
25 96 4
25 138 6
25 150 7
25 154 1
25 183 2
25 189 7
25 192 4
25 210 4
25 228 2
25 236 8
25 243 3
25 252 9
26 39 9
26 42 6
26 44 9
26 47 1
26 64 2
26 68 9
26 98 5
26 110 8
26 120 8
26 121 6
26 176 9
26 186 1
26 236 8
26 240 10
27 29 8
27 66 9
27 70 8
27 73 8
27 96 7
27 110 10
27 112 6
27 119 7
27 139 4
27 154 9
27 160 1
27 179 5
27 180 1
27 181 8
27 188 8
27 199 9
27 226 6
27 251 2
27 257 9
27 261 7
28 55 9
28 69 1
28 78 8
28 83 2
28 115 7
28 149 9
28 152 4
28 164 9
28 182 3
28 207 2
28 208 8
28 218 2
28 221 4
28 249 5
28 255 6
29 40 8
29 49 5
29 59 5
29 62 7
29 102 1
29 151 8
29 164 2
29 173 6
29 186 9
29 204 10
29 219 2
29 222 2
29 224 5
29 236 7
29 243 2
29 252 9
29 263 4
29 264 10
30 61 3
30 63 7
30 68 4
30 70 9
30 77 3
30 113 5
30 119 10
30 177 5
30 179 2
30 183 10
30 184 3
30 193 2
30 199 2
30 204 10
30 218 4
30 219 7
30 226 9
30 230 7
30 255 3
30 259 9
31 43 7
31 52 4
31 75 3
31 81 8
31 84 4
31 91 7
31 110 10
31 111 8
31 117 7
31 124 8
31 136 9
31 168 10
31 171 6
31 182 6
31 185 5
31 202 2
31 205 9
31 218 4
31 225 4
31 226 8
31 229 10
31 259 10
31 261 9
31 262 1
32 33 4
32 42 1
32 43 5
32 58 10
32 78 3
32 99 10
32 117 2
32 134 8
32 136 4
32 138 8
32 147 1
32 160 2
32 165 1
32 172 7
32 202 5
32 223 2
32 226 5
32 232 6
32 233 10
32 252 6
33 65 7
33 73 7
33 105 6
33 116 8
33 117 10
33 118 6
33 123 1
33 154 9
33 204 7
33 241 7
34 35 4
34 44 6
34 45 1
34 50 10
34 62 6
34 84 9
34 89 2
34 91 9
34 104 5
34 110 5
34 116 7
34 124 2
34 184 10
34 202 7
34 210 3
34 220 8
34 231 8
34 238 7
34 258 4
35 39 9
35 43 5
35 66 2
35 74 9
35 84 7
35 98 5
35 108 2
35 112 7
35 123 10
35 125 3
35 176 7
35 182 7
35 191 6
35 202 5
35 234 4
35 237 5
35 253 1
35 257 9
35 262 4
36 40 8
36 43 8
36 44 4
36 61 6
36 106 4
36 107 10
36 116 6
36 125 1
36 141 1
36 157 1
36 165 2
36 177 6
36 181 3
36 184 1
36 185 6
36 188 3
36 213 7
36 224 3
36 235 3
36 244 3
36 246 9
36 250 4
36 253 6
37 42 5
37 54 3
37 57 10
37 72 5
37 87 4
37 90 3
37 98 3
37 121 3
37 137 10
37 138 6
37 149 7
37 152 5
37 155 4
37 171 5
37 186 6
37 201 1
37 218 3
37 228 2
37 230 4
37 237 7
37 247 2
37 252 5
37 259 8
38 54 4
38 55 3
38 67 8
38 82 6
38 117 10
38 123 10
38 169 9
38 187 8
38 192 6
38 202 5
38 208 4
38 209 9
38 222 8
38 260 9
39 100 6
39 109 6
39 139 6
39 150 1
39 158 6
39 162 2
39 164 4
39 198 5
39 201 8
39 210 2
39 212 2
39 213 8
39 216 1
39 227 3
39 231 5
39 234 6
39 243 8
39 261 8
40 44 8
40 65 9
40 101 1
40 118 7
40 128 1
40 158 1
40 159 5
40 172 2
40 197 7
40 202 3
40 216 7
40 219 7
40 235 7
40 246 4
41 47 2
41 103 2
41 119 2
41 171 8
41 194 3
41 200 10
41 201 7
41 217 9
41 218 7
41 220 6
41 224 4
42 51 10
42 54 4
42 55 3
42 72 7
42 98 7
42 103 3
42 128 1
42 130 5
42 140 6
42 160 4
42 173 6
42 180 8
42 189 2
42 204 4
42 211 6
42 216 8
42 236 1
42 248 8
43 49 10
43 60 4
43 68 6
43 75 7
43 80 9
43 101 7
43 105 9
43 116 2
43 126 9
43 130 2
43 132 7
43 156 8
43 158 2
43 161 4
43 163 8
43 168 8
43 175 5
43 181 4
43 199 3
43 207 1
43 212 6
43 235 7
43 254 1
43 263 6
44 49 9
44 53 10
44 77 8
44 98 9
44 101 7
44 122 10
44 127 1
44 131 9
44 135 3
44 164 5
44 168 6
44 190 7
44 208 7
44 237 8
44 244 5
45 66 3
45 73 8
45 76 2
45 79 10
45 80 1
45 97 8
45 108 3
45 131 3
45 148 9
45 153 7
45 161 1
45 167 9
45 173 1
45 188 2
45 190 2
45 201 2
45 212 2
45 233 2
45 238 10
45 247 6
45 250 9
45 255 3
46 53 9
46 79 10
46 84 5
46 90 2
46 115 7
46 132 1
46 133 7
46 147 7
46 154 7
46 190 8
46 222 5
47 49 2
47 91 1
47 94 9
47 103 3
47 150 5
47 154 7
47 163 5
47 176 6
47 177 2
47 179 4
47 180 9
47 186 6
47 223 9
47 224 6
47 250 9
48 59 5
48 76 8
48 89 6
48 100 6
48 105 6
48 110 4
48 113 1
48 129 10
48 133 1
48 140 3
48 206 8
48 210 1
48 215 9
48 219 7
48 223 2
48 235 9
48 236 2
48 239 5
48 261 3
49 55 2
49 89 8
49 91 3
49 94 10
49 96 10
49 103 4
49 108 2
49 189 2
49 198 2
49 202 9
49 212 8
49 235 2
49 258 6
49 264 8
50 57 4
50 75 4
50 109 7
50 143 1
50 166 9
50 180 7
50 207 2
50 209 2
50 219 8
50 222 4
50 241 8
50 248 10
50 258 6
51 59 1
51 73 5
51 78 3
51 84 8
51 90 6
51 106 10
51 111 5
51 112 8
51 172 4
51 173 6
51 196 7
51 210 1
51 222 7
51 236 1
52 70 9
52 79 9
52 97 2
52 110 8
52 128 8
52 133 5
52 140 5
52 142 9
52 155 7
52 162 8
52 163 7
52 173 5
52 182 2
52 188 5
52 195 9
52 197 2
52 234 4
52 240 10
53 59 2
53 77 7
53 82 4
53 99 5
53 110 5
53 127 1
53 134 10
53 138 5
53 152 3
53 156 10
53 158 8
53 199 3
53 204 6
53 233 8
53 236 2
53 248 9
54 89 6
54 100 7
54 131 5
54 186 5
54 214 2
54 255 7
54 259 9
55 84 3
55 86 1
55 90 4
55 118 6
55 128 5
55 139 5
55 148 7
55 155 10
55 159 1
55 165 6
55 169 3
55 204 1
55 235 4
55 253 5
55 263 8
55 264 3
56 68 5
56 70 5
56 73 5
56 86 5
56 92 10
56 95 3
56 146 8
56 147 4
56 151 6
56 169 9
56 203 4
56 219 6
56 226 1
56 232 5
56 243 7
56 258 3
56 262 7
57 62 4
57 81 7
57 95 7
57 100 5
57 113 5
57 114 8
57 118 3
57 130 1
57 136 8
57 150 1
57 152 3
57 170 2
57 189 10
57 212 3
57 220 2
57 221 2
57 232 5
57 254 5
58 68 9
58 69 7
58 88 3
58 95 10
58 113 4
58 114 2
58 132 6
58 133 8
58 136 2
58 155 8
58 164 6
58 180 10
58 188 10
58 195 5
58 203 6
58 208 4
58 226 8
59 63 8
59 65 10
59 92 1
59 93 6
59 100 10
59 114 3
59 124 5
59 135 8
59 170 10
59 209 3
59 213 1
59 241 3
59 247 4
59 248 5
60 64 2
60 84 3
60 93 2
60 121 6
60 126 10
60 157 2
60 159 10
60 174 6
60 175 2
60 180 7
60 189 10
60 197 4
60 206 4
60 215 7
60 216 4
60 242 7
60 245 1
60 253 8
61 74 5
61 80 3
61 91 3
61 92 3
61 106 8
61 119 1
61 123 10
61 135 7
61 154 10
61 167 3
61 184 5
61 192 5
61 195 1
61 217 4
61 223 7
61 240 8
61 264 10
62 64 7
62 88 9
62 104 8
62 117 6
62 120 4
62 128 1
62 133 6
62 134 1
62 154 5
62 165 5
62 210 9
62 211 10
62 216 8
62 240 9
62 259 10
62 261 2
63 65 9
63 89 10
63 94 10
63 109 3
63 134 6
63 139 3
63 153 4
63 156 1
63 157 5
63 169 4
63 228 10
63 238 7
63 246 7
64 76 8
64 149 8
64 150 6
64 159 4
64 167 4
64 194 10
64 211 8
64 226 2
64 240 8
64 244 1
64 245 6
64 253 5
65 81 8
65 82 9
65 92 9
65 97 3
65 103 8
65 108 7
65 118 6
65 135 1
65 141 8
65 153 6
65 159 2
65 162 1
65 169 6
65 173 10
65 185 10
65 190 1
65 204 6
65 208 4
65 229 10
65 246 9
66 83 7
66 110 7
66 113 2
66 157 5
66 172 5
66 174 2
66 177 6
66 211 4
66 248 5
66 253 4
66 257 6
66 259 1
67 81 2
67 88 2
67 90 2
67 94 10
67 98 7
67 101 2
67 104 5
67 126 6
67 130 3
67 132 9
67 139 10
67 194 10
67 223 10
67 245 9
67 246 1
67 247 2
67 251 1
67 256 10
68 73 9
68 96 8
68 102 4
68 111 1
68 120 3
68 128 10
68 130 5
68 137 1
68 145 9
68 160 7
68 163 10
68 174 6
68 179 5
68 182 8
68 189 6
68 196 1
68 209 1
68 213 5
68 252 8
68 255 6
69 70 7
69 71 3
69 104 5
69 111 8
69 112 6
69 125 6
69 131 4
69 134 6
69 137 4
69 151 10
69 162 7
69 165 10
69 174 2
69 179 3
69 189 5
69 203 4
69 214 4
69 223 2
69 228 7
69 229 10
69 234 1
69 236 6
69 243 5
69 264 2
70 109 4
70 111 2
70 113 6
70 115 1
70 133 9
70 140 1
70 144 9
70 159 9
70 172 4
70 206 10
70 221 1
70 225 6
70 232 10
70 246 9
70 254 7
70 257 6
71 90 6
71 149 4
71 162 10
71 163 10
71 186 2
71 190 6
71 224 9
71 227 9
72 79 6
72 82 2
72 96 1
72 106 4
72 153 10
72 157 1
72 164 2
72 174 9
72 182 8
72 186 7
72 197 8
72 199 2
72 202 7
72 205 10
72 228 3
72 231 4
72 239 1
72 240 9
72 258 5
73 75 9
73 95 1
73 115 1
73 130 2
73 131 7
73 150 1
73 162 8
73 181 4
73 202 6
73 204 5
73 207 10
73 219 10
73 237 4
73 256 6
73 260 8
74 87 7
74 104 9
74 129 7
74 132 5
74 140 9
74 155 5
74 156 4
74 162 2
74 171 1
74 172 3
74 175 10
74 247 10
74 264 7
75 82 3
75 99 6
75 105 7
75 119 5
75 128 7
75 143 10
75 167 9
75 178 7
75 212 6
75 261 5
76 92 4
76 97 4
76 102 9
76 116 6
76 129 5
76 133 5
76 163 9
76 187 3
76 194 9
76 234 4
77 87 2
77 94 6
77 110 4
77 113 7
77 123 9
77 127 7
77 130 5
77 138 5
77 147 9
77 152 8
77 165 2
77 179 5
77 227 3
77 263 1
78 85 9
78 114 6
78 118 8
78 158 5
78 159 8
78 161 4
78 167 3
78 171 4
78 177 5
78 178 5
78 186 8
78 192 7
78 193 4
78 194 1
78 244 6
78 260 10
78 262 7
79 103 4
79 136 4
79 137 9
79 138 4
79 170 10
79 182 1
79 202 5
79 228 7
79 232 7
79 256 8
80 99 4
80 109 3
80 142 1
80 163 1
80 168 10
80 211 6
81 89 7
81 90 1
81 91 5
81 115 7
81 123 4
81 124 8
81 130 10
81 135 8
81 175 10
81 178 1
81 195 9
81 196 3
81 206 9
81 208 4
81 211 4
81 220 3
81 235 3
81 262 6
82 84 6
82 99 1
82 107 7
82 119 2
82 129 1
82 150 10
82 155 7
82 173 10
82 183 8
82 196 1
82 199 1
82 226 2
83 127 1
83 141 9
83 149 9
83 153 10
83 156 4
83 185 1
83 217 2
83 240 6
83 248 6
83 262 7
84 90 4
84 116 10
84 130 7
84 132 3
84 133 2
84 135 6
84 137 3
84 219 10
84 229 2
84 234 3
84 244 3
85 118 2
85 129 5
85 137 7
85 161 2
85 170 6
85 179 7
85 206 6
85 236 3
85 242 4
85 250 1
86 88 6
86 91 10
86 103 4
86 105 7
86 116 8
86 118 4
86 125 6
86 128 10
86 153 2
86 155 1
86 157 8
86 196 5
86 208 7
86 215 2
86 227 10
86 253 9
87 89 5
87 93 3
87 101 6
87 110 7
87 117 7
87 123 2
87 125 5
87 127 8
87 128 3
87 142 2
87 143 7
87 173 6
87 175 10
87 192 5
87 196 9
87 199 5
87 204 4
87 220 8
87 221 1
87 223 6
87 232 6
87 235 10
87 249 4
87 256 7
88 97 8
88 106 4
88 108 8
88 137 10
88 145 3
88 205 10
88 208 6
88 212 1
88 215 5
88 222 2
88 264 4
89 97 3
89 99 3
89 101 3
89 104 1
89 107 5
89 110 6
89 125 4
89 130 9
89 135 1
89 145 10
89 157 6
89 174 8
89 175 8
89 185 3
89 191 7
89 196 3
89 216 1
89 241 10
89 250 5
90 164 7
90 166 1
90 168 7
90 178 4
90 197 5
90 211 4
90 219 10
90 222 2
90 245 9
90 255 8
91 94 1
91 103 2
91 115 5
91 123 1
91 124 3
91 138 2
91 143 1
91 152 8
91 177 6
91 179 2
91 186 8
91 192 2
91 204 2
91 210 6
91 218 6
91 222 7
91 242 10
91 251 7
91 252 7
91 253 5
91 259 7
91 262 10
91 263 3
92 93 10
92 99 7
92 103 7
92 120 10
92 126 5
92 152 3
92 175 8
92 187 9
92 201 3
92 214 4
92 243 6
92 253 5
92 257 2
92 264 9
93 96 7
93 112 5
93 139 10
93 141 6
93 142 7
93 145 4
93 171 10
93 181 7
93 182 6
93 184 10
93 187 7
93 209 3
93 214 3
93 223 8
93 225 8
94 102 1
94 103 1
94 106 2
94 111 3
94 119 1
94 129 8
94 134 3
94 144 1
94 147 1
94 152 5
94 187 10
94 191 5
94 203 9
94 204 5
94 211 1
94 257 9
95 99 5
95 100 10
95 106 3
95 109 5
95 110 3
95 132 10
95 134 8
95 135 3
95 162 5
95 168 8
95 184 1
95 211 1
95 215 1
95 250 8
95 251 3
96 103 7
96 116 9
96 130 2
96 136 4
96 144 4
96 162 5
96 174 1
96 176 7
96 195 1
96 198 4
96 224 1
96 227 2
96 241 3
96 245 3
96 258 2
96 263 3
97 110 4
97 117 8
97 120 2
97 127 1
97 128 10
97 140 5
97 142 7
97 172 2
97 185 6
97 189 7
97 196 7
97 205 2
97 208 6
97 221 3
97 224 1
97 241 3
98 102 10
98 103 8
98 112 8
98 175 3
98 180 4
98 181 8
98 182 9
98 183 6
98 189 10
98 208 3
98 220 2
98 228 9
98 233 5
98 235 4
98 244 1
98 248 9
99 127 9
99 148 8
99 158 3
99 180 10
99 196 8
99 205 3
99 213 1
99 223 7
99 224 9
99 245 7
99 251 8
100 105 7
100 106 4
100 113 1
100 117 1
100 136 7
100 137 4
100 178 1
100 180 5
100 203 5
100 213 9
100 220 3
100 245 3
101 102 1
101 117 7
101 128 6
101 140 10
101 149 3
101 152 3
101 158 10
101 173 6
101 189 8
101 193 10
101 217 4
101 225 1
101 226 4
101 232 1
101 243 6
101 247 1
102 120 5
102 121 3
102 123 3
102 125 8
102 138 1
102 144 3
102 160 1
102 173 4
102 178 2
102 182 7
102 205 2
102 214 6
102 222 6
102 235 7
102 236 6
102 252 8
102 253 3
103 118 8
103 123 4
103 152 6
103 163 7
103 178 6
103 211 8
103 218 4
103 221 1
103 222 9
103 232 3
103 235 10
103 239 3
103 249 3
103 250 3
103 251 1
103 253 8
103 259 1
104 139 5
104 153 8
104 180 6
104 206 3
104 225 2
104 236 5
104 239 5
105 126 1
105 135 5
105 144 1
105 145 9
105 153 4
105 166 5
105 168 7
105 175 3
105 194 10
105 196 4
105 214 10
105 215 3
105 223 6
105 247 2
105 249 1
105 252 7
105 261 7
106 107 6
106 114 8
106 126 3
106 141 9
106 144 9
106 153 1
106 196 8
106 203 9
106 247 10
106 262 9
107 120 1
107 138 5
107 147 8
107 149 10
107 160 3
107 172 8
107 174 7
107 192 1
107 194 1
107 216 1
107 221 6
107 251 5
107 263 8
108 136 8
108 144 7
108 164 10
108 168 5
108 207 3
108 213 1
108 227 7
108 249 10
108 250 5
109 115 7
109 126 4
109 142 8
109 163 2
109 165 6
109 166 4
109 221 4
109 242 10
110 140 8
110 143 9
110 161 8
110 162 7
110 177 5
110 193 1
110 203 3
110 207 9
110 214 2
111 123 9
111 140 7
111 152 3
111 157 3
111 158 9
111 174 2
111 183 5
111 248 1
111 264 3
112 118 8
112 120 10
112 126 10
112 134 9
112 137 7
112 152 7
112 167 3
112 171 6
112 175 5
112 200 8
112 215 7
112 217 9
112 219 10
112 222 10
112 224 3
112 225 4
112 231 4
113 120 3
113 139 3
113 141 8
113 156 10
113 158 1
113 162 2
113 194 1
113 210 8
113 246 9
114 141 6
114 144 4
114 153 10
114 178 3
114 181 5
114 200 6
114 204 9
114 206 5
114 217 3
114 220 9
114 223 3
114 251 3
114 252 6
114 264 4
115 130 1
115 131 4
115 158 1
115 178 5
115 179 5
115 182 10
115 184 10
115 192 3
115 217 10
115 222 2
115 224 4
115 255 8
115 264 7
116 121 8
116 131 6
116 143 3
116 161 10
116 169 6
116 170 5
116 175 5
116 197 2
116 225 6
116 226 3
116 241 2
116 245 2
117 130 2
117 139 7
117 143 4
117 157 3
117 158 4
117 187 6
117 196 10
117 202 1
117 229 7
117 253 4
117 263 5
118 123 3
118 124 6
118 137 6
118 156 10
118 179 1
118 186 8
118 191 2
118 205 8
118 220 6
118 241 2
118 248 10
118 252 3
118 261 8
118 264 4
119 142 2
119 151 3
119 155 3
119 164 8
119 185 4
119 192 9
119 221 8
119 235 3
119 246 10
119 253 10
119 262 2
119 264 8
120 128 9
120 134 2
120 140 3
120 149 9
120 156 10
120 163 4
120 166 2
120 187 6
120 192 8
120 209 9
120 211 2
120 221 3
120 225 3
120 227 4
120 243 8
120 254 8
120 263 4
121 130 4
121 140 10
121 170 4
121 177 1
121 236 10
121 248 10
121 251 1
121 263 2
121 264 2
122 153 8
122 160 10
122 171 4
122 172 7
122 198 3
122 220 8
122 223 10
122 232 8
123 141 6
123 153 6
123 165 4
123 176 5
123 185 6
123 194 4
123 222 3
124 125 8
124 127 10
124 139 8
124 148 8
124 150 4
124 152 9
124 162 7
124 169 3
124 196 8
124 199 6
124 230 9
124 246 6
125 131 6
125 133 4
125 141 3
125 142 2
125 144 1
125 145 2
125 175 7
125 180 9
125 205 10
125 206 8
125 212 8
125 240 8
126 138 2
126 151 8
126 156 9
126 185 4
126 190 10
126 208 4
126 222 10
126 224 1
126 227 1
126 257 9
127 132 2
127 154 5
127 157 6
127 170 1
127 221 2
127 235 3
127 241 10
127 242 3
127 247 8
127 255 1
127 262 8
128 138 6
128 139 7
128 142 3
128 157 5
128 172 9
128 202 10
128 230 10
129 141 3
129 170 6
129 173 3
129 201 9
129 209 7
129 244 10
130 133 2
130 138 7
130 160 9
130 170 7
130 208 3
130 231 4
130 235 10
130 246 4
130 247 7
131 136 7
131 141 2
131 160 9
131 192 9
131 211 8
131 214 3
131 223 1
131 235 10
131 243 1
131 260 7
131 262 7
132 154 10
132 160 10
132 162 3
132 167 1
132 180 8
132 187 8
132 191 9
132 206 7
132 221 6
132 229 6
132 232 3
132 257 10
133 136 8
133 164 3
133 182 4
133 183 10
133 186 2
133 187 1
133 204 7
133 207 6
133 231 9
133 237 4
133 242 7
134 135 10
134 146 6
134 168 3
134 169 4
134 174 2
134 175 8
134 226 2
134 247 9
134 248 3
134 262 6
135 156 1
135 168 6
135 184 8
135 185 2
135 253 9
135 260 1
136 144 9
136 205 1
136 232 2
136 234 10
136 242 1
136 255 9
136 263 10
137 154 4
137 177 5
137 178 1
137 179 4
137 194 2
137 209 10
137 210 5
137 213 8
137 218 7
137 256 8
138 180 10
138 194 9
138 200 2
138 203 6
138 208 1
138 228 10
138 238 5
138 241 8
138 249 3
139 146 6
139 151 9
139 156 5
139 172 10
139 185 10
139 211 3
139 229 3
139 230 1
139 237 5
139 238 5
139 240 8
139 244 9
140 147 10
140 148 3
140 163 3
140 168 6
140 182 1
140 184 2
140 236 7
140 243 10
140 255 5
140 256 3
140 260 1
140 263 10
141 146 6
141 159 6
141 167 3
141 171 8
141 180 8
141 188 10
141 191 1
141 199 1
141 238 5
141 242 7
141 259 4
141 261 10
141 263 10
142 175 10
142 176 1
142 183 4
142 202 7
142 203 10
142 225 3
142 239 2
142 253 4
142 256 2
142 263 9
143 146 3
143 150 10
143 155 6
143 165 4
143 200 4
143 210 8
143 214 8
143 225 4
143 227 1
144 148 9
144 155 6
144 156 10
144 164 10
144 185 9
144 187 7
144 199 5
144 201 6
144 203 10
144 206 3
144 217 2
144 250 10
145 160 6
145 173 4
145 195 7
145 198 2
145 207 2
145 213 5
145 238 5
145 239 7
145 241 5
145 242 6
146 151 8
146 161 7
146 172 9
146 176 1
146 181 8
146 188 7
146 192 8
146 193 8
146 199 7
146 224 4
146 232 1
146 249 5
146 263 1
147 164 5
147 167 8
147 190 5
147 201 1
147 202 6
147 239 6
147 251 4
147 258 8
148 159 4
148 178 7
148 191 7
148 207 6
148 210 5
148 242 8
148 250 4
149 173 7
149 195 7
149 203 3
149 210 3
149 229 8
150 156 3
150 162 9
150 163 6
150 167 8
150 192 3
150 258 4
150 261 2
151 152 10
151 157 7
151 170 5
151 203 5
151 226 6
151 245 8
151 255 1
151 257 2
152 155 10
152 168 9
152 179 8
152 187 9
152 201 10
152 203 3
152 207 1
152 208 8
152 212 9
152 217 6
152 230 7
152 236 7
152 259 4
153 197 5
153 208 10
153 220 8
153 227 1
153 236 6
153 255 3
153 264 4
154 181 8
154 208 8
154 238 10
154 243 4
154 255 3
154 260 8
155 177 6
155 178 4
155 180 4
155 186 1
155 226 1
155 250 6
156 164 5
156 188 6
156 190 2
156 193 3
156 244 2
156 245 9
156 249 9
156 259 2
157 162 1
157 170 6
157 181 8
157 183 9
157 204 7
157 235 10
157 237 1
157 240 9
157 242 8
158 181 2
158 193 1
158 213 5
158 227 9
158 256 7
158 262 3
159 168 9
159 247 9
159 259 4
160 201 9
160 212 6
160 214 3
160 217 10
160 256 8
160 257 10
161 184 6
161 192 6
161 201 10
161 209 2
161 232 10
161 233 3
161 243 2
161 253 1
161 255 8
161 261 3
162 180 2
162 192 10
162 205 8
162 227 10
162 236 10
162 240 7
162 257 9
163 187 1
163 188 1
163 213 9
163 234 3
163 240 8
163 259 2
164 194 1
164 196 3
164 217 4
164 225 6
164 227 9
164 247 7
164 248 4
165 182 8
165 189 3
165 230 2
165 248 4
165 252 5
166 185 2
166 206 3
166 221 7
166 235 1
166 245 5
166 247 4
166 256 8
167 171 3
167 190 5
167 201 4
167 203 3
167 207 3
167 237 8
167 264 2
168 190 7
168 191 4
168 219 2
168 222 6
168 229 3
168 232 3
168 233 6
169 172 9
169 175 4
169 176 2
169 202 6
169 209 3
169 223 7
169 236 1
170 179 9
170 185 1
170 197 2
170 211 5
170 213 8
170 216 1
170 228 5
170 232 8
170 235 10
170 237 10
170 238 6
170 240 9
170 253 6
171 179 7
171 184 5
171 199 7
171 205 6
171 233 1
171 235 1
171 238 2
171 240 8
171 244 4
171 250 9
172 173 10
172 211 6
172 222 9
172 238 2
172 244 1
172 264 1
173 189 3
173 210 4
173 234 9
173 241 9
173 247 9
174 180 6
174 207 3
174 231 9
174 248 4
175 179 7
175 212 7
175 218 5
175 245 6
175 258 2
176 180 6
176 198 9
176 227 2
177 183 3
177 185 1
177 210 9
177 223 8
177 237 4
177 243 5
178 180 10
178 199 9
178 211 9
178 221 1
178 235 2
178 236 9
178 254 10
179 232 9
179 249 8
180 181 1
180 196 3
180 232 5
180 239 5
181 191 2
181 225 2
181 253 7
181 260 2
182 185 6
182 204 8
182 221 10
182 244 1
182 261 5
182 262 1
183 188 10
183 191 9
183 193 1
183 215 4
183 223 2
183 227 6
183 233 9
183 254 10
184 186 1
184 201 10
184 231 1
184 240 3
184 259 10
185 212 2
185 218 2
185 235 1
185 255 4
185 256 4
186 187 5
186 202 10
186 232 2
186 238 7
186 248 10
186 252 7
186 264 1
187 194 7
187 212 5
187 217 1
187 244 8
188 192 9
188 205 10
188 242 6
188 249 4
188 262 1
189 193 1
189 208 3
189 248 2
189 258 5
189 259 9
190 191 7
190 203 8
190 214 9
190 227 8
190 239 4
190 259 7
191 206 6
191 223 7
191 239 3
191 244 10
191 260 10
192 206 1
192 212 5
192 215 3
192 221 5
192 238 5
192 239 7
193 217 3
193 220 6
193 226 8
193 231 9
193 236 10
193 252 1
193 259 10
193 264 3
194 211 4
194 216 10
194 220 8
194 231 5
194 244 5
194 257 3
194 259 10
195 231 10
195 236 4
195 237 10
195 248 7
195 251 8
196 199 2
196 205 9
196 211 6
196 229 2
196 233 7
196 234 10
196 253 7
197 242 8
197 247 5
198 205 10
198 212 7
198 217 1
198 222 8
198 228 2
198 229 3
198 238 6
198 241 6
198 244 3
198 248 7
198 250 5
198 255 1
199 227 5
199 234 10
199 240 4
199 256 1
200 237 4
200 264 3
201 235 7
201 236 1
201 250 6
201 259 10
202 243 6
202 262 8
203 208 1
203 223 9
203 231 8
203 235 6
203 255 2
204 207 10
204 219 8
204 229 10
204 237 1
204 240 9
204 252 2
204 257 4
204 262 5
204 263 9
205 234 4
205 240 2
205 249 1
205 256 2
206 212 6
206 217 6
206 226 5
206 248 1
206 255 2
207 208 3
207 212 3
207 245 5
208 223 3
208 230 5
208 245 3
208 257 4
209 211 4
209 215 1
209 221 3
209 239 8
209 246 3
209 248 1
210 213 6
210 218 7
210 220 3
210 224 8
210 226 7
210 231 7
210 242 7
211 222 4
211 232 1
211 238 3
211 252 3
211 261 5
212 213 8
212 240 1
212 262 10
213 217 10
213 238 4
213 246 7
214 236 8
214 241 9
214 247 7
214 251 9
215 219 9
215 232 10
215 236 5
215 240 10
216 223 7
216 228 3
216 229 7
216 231 6
216 237 8
216 248 10
217 234 9
217 237 8
217 241 5
217 246 2
217 253 4
218 226 7
218 238 10
218 257 8
218 260 6
219 228 1
219 232 10
219 241 7
219 258 1
219 259 6
220 231 2
220 237 1
220 238 10
220 245 2
220 246 8
220 249 8
222 235 10
222 255 10
223 226 5
223 232 6
223 237 7
223 241 5
223 259 2
223 262 6
224 228 10
224 230 10
224 240 8
225 231 10
225 238 9
225 256 4
226 229 8
226 246 10
226 248 9
226 263 1
227 263 6
228 247 3
229 258 4
229 263 3
230 237 6
230 252 10
230 254 6
231 232 7
231 249 6
232 258 6
233 243 5
233 245 6
234 248 7
234 253 3
234 258 4
235 243 2
235 248 10
236 249 5
236 252 1
236 255 5
236 256 8
236 257 3
237 239 8
237 241 8
238 239 5
238 259 5
239 255 5
239 259 10
242 248 10
242 253 1
243 246 9
243 260 8
244 250 4
244 251 8
245 249 8
245 252 4
245 263 1
245 264 2
246 249 4
247 250 9
247 255 3
247 260 2
248 250 5
249 251 8
249 254 1
249 263 5
252 256 9
253 262 8
255 258 3
257 262 5
257 264 1
259 264 5
260 264 3
