79
0 328 3 925 3 834 1
2 243 2 534 3 855 3
0 617 1 341 0 948 2
1 522 2 125 1 404 3
2 778 2 440 1 719 0
2 484 1 730 0 337 0
0 83 3 840 0 962 1
0 419 3 924 3 647 3
1 79 0 254 2 659 3
1 814 2 740 1 302 3
0 328 3 925 3 834 1
2 243 2 534 3 855 3
0 617 1 341 0 948 2
1 522 2 125 1 404 3
2 778 2 440 1 719 0
2 484 1 730 0 337 0
0 83 3 840 0 962 1
0 419 3 924 3 647 3
1 79 0 254 2 659 3
1 814 2 740 1 302 3
0 328 3 925 3 834 1
2 243 2 534 3 855 3
0 617 1 341 0 948 2
1 522 2 125 1 404 3
2 778 2 440 1 719 0
2 484 1 730 0 337 0
0 83 3 840 0 962 1
0 419 3 924 3 647 3
1 79 0 254 2 659 3
1 814 2 740 1 302 3
0 328 3 925 3 834 1
2 243 2 534 3 855 3
0 617 1 341 0 948 2
1 522 2 125 1 404 3
2 778 2 440 1 719 0
2 484 1 730 0 337 0
0 83 3 840 0 962 1
0 419 3 924 3 647 3
1 79 0 254 2 659 3
1 814 2 740 1 302 3
0 328 3 925 3 834 1
2 243 2 534 3 855 3
0 617 1 341 0 948 2
1 522 2 125 1 404 3
2 778 2 440 1 719 0
2 484 1 730 0 337 0
0 83 3 840 0 962 1
0 419 3 924 3 647 3
1 79 0 254 2 659 3
1 814 2 740 1 302 3
0 328 3 925 3 834 1
2 243 2 534 3 855 3
0 617 1 341 0 948 2
1 522 2 125 1 404 3
2 778 2 440 1 719 0
2 484 1 730 0 337 0
0 83 3 840 0 962 1
0 419 3 924 3 647 3
1 79 0 254 2 659 3
1 814 2 740 1 302 3
2 442 1 516 1 423 2
1 514 2 587 1 317 1
2 3 1 822 3 912 3
1 744 0 967 1 414 1
1 899 0 454 1 727 2
1 813 1 459 1 208 3
1 783 2 907 2 494 0
2 856 1 185 3 263 3
1 874 1 768 3 350 1
1 516 3 661 2 929 3
1 871 0 204 3 971 1
1 217 0 180 3 274 1
1 207 3 8 1 33 3
1 292 0 350 3 862 3
1 904 2 143 1 153 2
2 18 3 444 0 937 2
2 875 2 351 1 508 3
2 95 2 466 1 190 2
1 971 0 423 3 426 3